<?xml version="1.0"?>
<!-- DTD for the XMLBIF 0.3 format -->
<!DOCTYPE BIF [
	<!ELEMENT BIF ( NETWORK )*>
	      <!ATTLIST BIF VERSION CDATA #REQUIRED>
	<!ELEMENT NETWORK ( NAME, ( PROPERTY | VARIABLE | DEFINITION )* )>
	<!ELEMENT NAME (#PCDATA)>
	<!ELEMENT VARIABLE ( NAME, ( OUTCOME |  PROPERTY )* ) >
	      <!ATTLIST VARIABLE TYPE (nature|decision|utility) "nature">
	<!ELEMENT OUTCOME (#PCDATA)>
	<!ELEMENT DEFINITION ( FOR | GIVEN | TABLE | PROPERTY )* >
	<!ELEMENT FOR (#PCDATA)>
	<!ELEMENT GIVEN (#PCDATA)>
	<!ELEMENT TABLE (#PCDATA)>
	<!ELEMENT PROPERTY (#PCDATA)>
]>


<BIF VERSION="0.3">
<NETWORK>
<NAME>&apos;x_train_smpl_bin-weka.filters.unsupervised.instance.Randomize-S42-weka.filters.unsupervised.attribute.NumericToNominal-Rlast-weka.filters.unsupervised.attribute.Remove-R1-792,796-841,844-935,937-982,985-1030,1033-1073,1076-1086,1088-1120,1123-1134,1136-1168,1170-1215,1218,1221-1263,1265,1268,1271-1313,1315-1316,1319-1507,1510-1666,1668-1694,1697-1714,1717-1742,1746-1761,1763-2213,2215-2260,2265-2304-weka.filters.supervised.attribute.Discretize-Rfirst-last-precision6-weka.filters.unsupervised.attribute.ReplaceMissingValues&apos;</NAME>
<VARIABLE TYPE="nature">
	<NAME>X792</NAME>
	<OUTCOME>&apos;\&apos;(-inf-102.5]\&apos;&apos;</OUTCOME>
	<OUTCOME>&apos;\&apos;(102.5-230.5]\&apos;&apos;</OUTCOME>
	<OUTCOME>&apos;\&apos;(230.5-248.5]\&apos;&apos;</OUTCOME>
	<OUTCOME>&apos;\&apos;(248.5-253.5]\&apos;&apos;</OUTCOME>
	<OUTCOME>&apos;\&apos;(253.5-inf)\&apos;&apos;</OUTCOME>
	<PROPERTY>position = (245,96)</PROPERTY>
</VARIABLE>
<VARIABLE TYPE="nature">
	<NAME>X793</NAME>
	<OUTCOME>&apos;\&apos;(-inf-99.5]\&apos;&apos;</OUTCOME>
	<OUTCOME>&apos;\&apos;(99.5-230.5]\&apos;&apos;</OUTCOME>
	<OUTCOME>&apos;\&apos;(230.5-246.5]\&apos;&apos;</OUTCOME>
	<OUTCOME>&apos;\&apos;(246.5-252.5]\&apos;&apos;</OUTCOME>
	<OUTCOME>&apos;\&apos;(252.5-inf)\&apos;&apos;</OUTCOME>
	<PROPERTY>position = (196,192)</PROPERTY>
</VARIABLE>
<VARIABLE TYPE="nature">
	<NAME>X794</NAME>
	<OUTCOME>&apos;\&apos;(-inf-99.5]\&apos;&apos;</OUTCOME>
	<OUTCOME>&apos;\&apos;(99.5-225.5]\&apos;&apos;</OUTCOME>
	<OUTCOME>&apos;\&apos;(225.5-250.5]\&apos;&apos;</OUTCOME>
	<OUTCOME>&apos;\&apos;(250.5-inf)\&apos;&apos;</OUTCOME>
	<PROPERTY>position = (294,288)</PROPERTY>
</VARIABLE>
<VARIABLE TYPE="nature">
	<NAME>X841</NAME>
	<OUTCOME>&apos;\&apos;(-inf-97.5]\&apos;&apos;</OUTCOME>
	<OUTCOME>&apos;\&apos;(97.5-229.5]\&apos;&apos;</OUTCOME>
	<OUTCOME>&apos;\&apos;(229.5-251.5]\&apos;&apos;</OUTCOME>
	<OUTCOME>&apos;\&apos;(251.5-inf)\&apos;&apos;</OUTCOME>
	<PROPERTY>position = (196,384)</PROPERTY>
</VARIABLE>
<VARIABLE TYPE="nature">
	<NAME>X842</NAME>
	<OUTCOME>&apos;\&apos;(-inf-113.5]\&apos;&apos;</OUTCOME>
	<OUTCOME>&apos;\&apos;(113.5-248.5]\&apos;&apos;</OUTCOME>
	<OUTCOME>&apos;\&apos;(248.5-inf)\&apos;&apos;</OUTCOME>
	<PROPERTY>position = (392,480)</PROPERTY>
</VARIABLE>
<VARIABLE TYPE="nature">
	<NAME>X935</NAME>
	<OUTCOME>&apos;\&apos;(-inf-239.5]\&apos;&apos;</OUTCOME>
	<OUTCOME>&apos;\&apos;(239.5-inf)\&apos;&apos;</OUTCOME>
	<PROPERTY>position = (49,480)</PROPERTY>
</VARIABLE>
<VARIABLE TYPE="nature">
	<NAME>X982</NAME>
	<OUTCOME>&apos;\&apos;(-inf-163.5]\&apos;&apos;</OUTCOME>
	<OUTCOME>&apos;\&apos;(163.5-inf)\&apos;&apos;</OUTCOME>
	<PROPERTY>position = (98,576)</PROPERTY>
</VARIABLE>
<VARIABLE TYPE="nature">
	<NAME>X983</NAME>
	<OUTCOME>&apos;\&apos;(-inf-208.5]\&apos;&apos;</OUTCOME>
	<OUTCOME>&apos;\&apos;(208.5-inf)\&apos;&apos;</OUTCOME>
	<PROPERTY>position = (98,672)</PROPERTY>
</VARIABLE>
<VARIABLE TYPE="nature">
	<NAME>X1030</NAME>
	<OUTCOME>&apos;\&apos;(-inf-169.5]\&apos;&apos;</OUTCOME>
	<OUTCOME>&apos;\&apos;(169.5-inf)\&apos;&apos;</OUTCOME>
	<PROPERTY>position = (147,672)</PROPERTY>
</VARIABLE>
<VARIABLE TYPE="nature">
	<NAME>X1031</NAME>
	<OUTCOME>&apos;\&apos;(-inf-190.5]\&apos;&apos;</OUTCOME>
	<OUTCOME>&apos;\&apos;(190.5-inf)\&apos;&apos;</OUTCOME>
	<PROPERTY>position = (0,768)</PROPERTY>
</VARIABLE>
<VARIABLE TYPE="nature">
	<NAME>X1073</NAME>
	<OUTCOME>&apos;\&apos;(-inf-86.5]\&apos;&apos;</OUTCOME>
	<OUTCOME>&apos;\&apos;(86.5-246.5]\&apos;&apos;</OUTCOME>
	<OUTCOME>&apos;\&apos;(246.5-inf)\&apos;&apos;</OUTCOME>
	<PROPERTY>position = (441,576)</PROPERTY>
</VARIABLE>
<VARIABLE TYPE="nature">
	<NAME>X1074</NAME>
	<OUTCOME>&apos;\&apos;(-inf-91.5]\&apos;&apos;</OUTCOME>
	<OUTCOME>&apos;\&apos;(91.5-246.5]\&apos;&apos;</OUTCOME>
	<OUTCOME>&apos;\&apos;(246.5-inf)\&apos;&apos;</OUTCOME>
	<PROPERTY>position = (392,672)</PROPERTY>
</VARIABLE>
<VARIABLE TYPE="nature">
	<NAME>X1086</NAME>
	<OUTCOME>&apos;\&apos;(-inf-102.5]\&apos;&apos;</OUTCOME>
	<OUTCOME>&apos;\&apos;(102.5-226.5]\&apos;&apos;</OUTCOME>
	<OUTCOME>&apos;\&apos;(226.5-244.5]\&apos;&apos;</OUTCOME>
	<OUTCOME>&apos;\&apos;(244.5-inf)\&apos;&apos;</OUTCOME>
	<PROPERTY>position = (539,672)</PROPERTY>
</VARIABLE>
<VARIABLE TYPE="nature">
	<NAME>X1120</NAME>
	<OUTCOME>&apos;\&apos;(-inf-102.5]\&apos;&apos;</OUTCOME>
	<OUTCOME>&apos;\&apos;(102.5-199.5]\&apos;&apos;</OUTCOME>
	<OUTCOME>&apos;\&apos;(199.5-247.5]\&apos;&apos;</OUTCOME>
	<OUTCOME>&apos;\&apos;(247.5-inf)\&apos;&apos;</OUTCOME>
	<PROPERTY>position = (245,672)</PROPERTY>
</VARIABLE>
<VARIABLE TYPE="nature">
	<NAME>X1121</NAME>
	<OUTCOME>&apos;\&apos;(-inf-96.5]\&apos;&apos;</OUTCOME>
	<OUTCOME>&apos;\&apos;(96.5-189.5]\&apos;&apos;</OUTCOME>
	<OUTCOME>&apos;\&apos;(189.5-246.5]\&apos;&apos;</OUTCOME>
	<OUTCOME>&apos;\&apos;(246.5-inf)\&apos;&apos;</OUTCOME>
	<PROPERTY>position = (294,768)</PROPERTY>
</VARIABLE>
<VARIABLE TYPE="nature">
	<NAME>X1134</NAME>
	<OUTCOME>&apos;\&apos;(-inf-90.5]\&apos;&apos;</OUTCOME>
	<OUTCOME>&apos;\&apos;(90.5-222.5]\&apos;&apos;</OUTCOME>
	<OUTCOME>&apos;\&apos;(222.5-244.5]\&apos;&apos;</OUTCOME>
	<OUTCOME>&apos;\&apos;(244.5-inf)\&apos;&apos;</OUTCOME>
	<PROPERTY>position = (392,768)</PROPERTY>
</VARIABLE>
<VARIABLE TYPE="nature">
	<NAME>X1168</NAME>
	<OUTCOME>&apos;\&apos;(-inf-99.5]\&apos;&apos;</OUTCOME>
	<OUTCOME>&apos;\&apos;(99.5-196.5]\&apos;&apos;</OUTCOME>
	<OUTCOME>&apos;\&apos;(196.5-248.5]\&apos;&apos;</OUTCOME>
	<OUTCOME>&apos;\&apos;(248.5-inf)\&apos;&apos;</OUTCOME>
	<PROPERTY>position = (196,864)</PROPERTY>
</VARIABLE>
<VARIABLE TYPE="nature">
	<NAME>X1215</NAME>
	<OUTCOME>&apos;\&apos;(-inf-91.5]\&apos;&apos;</OUTCOME>
	<OUTCOME>&apos;\&apos;(91.5-194.5]\&apos;&apos;</OUTCOME>
	<OUTCOME>&apos;\&apos;(194.5-246.5]\&apos;&apos;</OUTCOME>
	<OUTCOME>&apos;\&apos;(246.5-inf)\&apos;&apos;</OUTCOME>
	<PROPERTY>position = (245,960)</PROPERTY>
</VARIABLE>
<VARIABLE TYPE="nature">
	<NAME>X1216</NAME>
	<OUTCOME>&apos;\&apos;(-inf-86.5]\&apos;&apos;</OUTCOME>
	<OUTCOME>&apos;\&apos;(86.5-193.5]\&apos;&apos;</OUTCOME>
	<OUTCOME>&apos;\&apos;(193.5-246.5]\&apos;&apos;</OUTCOME>
	<OUTCOME>&apos;\&apos;(246.5-inf)\&apos;&apos;</OUTCOME>
	<PROPERTY>position = (196,1056)</PROPERTY>
</VARIABLE>
<VARIABLE TYPE="nature">
	<NAME>X1218</NAME>
	<OUTCOME>&apos;\&apos;(-inf-211.5]\&apos;&apos;</OUTCOME>
	<OUTCOME>&apos;\&apos;(211.5-238.5]\&apos;&apos;</OUTCOME>
	<OUTCOME>&apos;\&apos;(238.5-inf)\&apos;&apos;</OUTCOME>
	<PROPERTY>position = (147,1152)</PROPERTY>
</VARIABLE>
<VARIABLE TYPE="nature">
	<NAME>X1219</NAME>
	<OUTCOME>&apos;\&apos;(-inf-235.5]\&apos;&apos;</OUTCOME>
	<OUTCOME>&apos;\&apos;(235.5-inf)\&apos;&apos;</OUTCOME>
	<PROPERTY>position = (98,1248)</PROPERTY>
</VARIABLE>
<VARIABLE TYPE="nature">
	<NAME>X1263</NAME>
	<OUTCOME>&apos;\&apos;(-inf-85.5]\&apos;&apos;</OUTCOME>
	<OUTCOME>&apos;\&apos;(85.5-194.5]\&apos;&apos;</OUTCOME>
	<OUTCOME>&apos;\&apos;(194.5-246.5]\&apos;&apos;</OUTCOME>
	<OUTCOME>&apos;\&apos;(246.5-inf)\&apos;&apos;</OUTCOME>
	<PROPERTY>position = (245,1152)</PROPERTY>
</VARIABLE>
<VARIABLE TYPE="nature">
	<NAME>X1265</NAME>
	<OUTCOME>&apos;\&apos;(-inf-25.5]\&apos;&apos;</OUTCOME>
	<OUTCOME>&apos;\&apos;(25.5-220.5]\&apos;&apos;</OUTCOME>
	<OUTCOME>&apos;\&apos;(220.5-235.5]\&apos;&apos;</OUTCOME>
	<OUTCOME>&apos;\&apos;(235.5-245.5]\&apos;&apos;</OUTCOME>
	<OUTCOME>&apos;\&apos;(245.5-inf)\&apos;&apos;</OUTCOME>
	<PROPERTY>position = (196,1248)</PROPERTY>
</VARIABLE>
<VARIABLE TYPE="nature">
	<NAME>X1266</NAME>
	<OUTCOME>&apos;\&apos;(-inf-27.5]\&apos;&apos;</OUTCOME>
	<OUTCOME>&apos;\&apos;(27.5-236.5]\&apos;&apos;</OUTCOME>
	<OUTCOME>&apos;\&apos;(236.5-inf)\&apos;&apos;</OUTCOME>
	<PROPERTY>position = (147,1344)</PROPERTY>
</VARIABLE>
<VARIABLE TYPE="nature">
	<NAME>X1268</NAME>
	<OUTCOME>&apos;\&apos;(-inf-209.5]\&apos;&apos;</OUTCOME>
	<OUTCOME>&apos;\&apos;(209.5-inf)\&apos;&apos;</OUTCOME>
	<PROPERTY>position = (294,1248)</PROPERTY>
</VARIABLE>
<VARIABLE TYPE="nature">
	<NAME>X1269</NAME>
	<OUTCOME>&apos;\&apos;(-inf-66.5]\&apos;&apos;</OUTCOME>
	<OUTCOME>&apos;\&apos;(66.5-inf)\&apos;&apos;</OUTCOME>
	<PROPERTY>position = (490,864)</PROPERTY>
</VARIABLE>
<VARIABLE TYPE="nature">
	<NAME>X1313</NAME>
	<OUTCOME>&apos;\&apos;(-inf-23.5]\&apos;&apos;</OUTCOME>
	<OUTCOME>&apos;\&apos;(23.5-47.5]\&apos;&apos;</OUTCOME>
	<OUTCOME>&apos;\&apos;(47.5-233.5]\&apos;&apos;</OUTCOME>
	<OUTCOME>&apos;\&apos;(233.5-inf)\&apos;&apos;</OUTCOME>
	<PROPERTY>position = (245,1344)</PROPERTY>
</VARIABLE>
<VARIABLE TYPE="nature">
	<NAME>X1316</NAME>
	<OUTCOME>&apos;\&apos;(-inf-233.5]\&apos;&apos;</OUTCOME>
	<OUTCOME>&apos;\&apos;(233.5-inf)\&apos;&apos;</OUTCOME>
	<PROPERTY>position = (245,1440)</PROPERTY>
</VARIABLE>
<VARIABLE TYPE="nature">
	<NAME>X1317</NAME>
	<OUTCOME>&apos;\&apos;(-inf-88.5]\&apos;&apos;</OUTCOME>
	<OUTCOME>&apos;\&apos;(88.5-inf)\&apos;&apos;</OUTCOME>
	<PROPERTY>position = (392,960)</PROPERTY>
</VARIABLE>
<VARIABLE TYPE="nature">
	<NAME>X1507</NAME>
	<OUTCOME>&apos;\&apos;(-inf-197.5]\&apos;&apos;</OUTCOME>
	<OUTCOME>&apos;\&apos;(197.5-inf)\&apos;&apos;</OUTCOME>
	<PROPERTY>position = (147,1248)</PROPERTY>
</VARIABLE>
<VARIABLE TYPE="nature">
	<NAME>X1508</NAME>
	<OUTCOME>&apos;\&apos;(-inf-200.5]\&apos;&apos;</OUTCOME>
	<OUTCOME>&apos;\&apos;(200.5-inf)\&apos;&apos;</OUTCOME>
	<PROPERTY>position = (196,1344)</PROPERTY>
</VARIABLE>
<VARIABLE TYPE="nature">
	<NAME>X1666</NAME>
	<OUTCOME>&apos;\&apos;(-inf-36.5]\&apos;&apos;</OUTCOME>
	<OUTCOME>&apos;\&apos;(36.5-inf)\&apos;&apos;</OUTCOME>
	<PROPERTY>position = (735,960)</PROPERTY>
</VARIABLE>
<VARIABLE TYPE="nature">
	<NAME>X1694</NAME>
	<OUTCOME>&apos;\&apos;(-inf-35.5]\&apos;&apos;</OUTCOME>
	<OUTCOME>&apos;\&apos;(35.5-144.5]\&apos;&apos;</OUTCOME>
	<OUTCOME>&apos;\&apos;(144.5-inf)\&apos;&apos;</OUTCOME>
	<PROPERTY>position = (686,1056)</PROPERTY>
</VARIABLE>
<VARIABLE TYPE="nature">
	<NAME>X1695</NAME>
	<OUTCOME>&apos;\&apos;(-inf-36.5]\&apos;&apos;</OUTCOME>
	<OUTCOME>&apos;\&apos;(36.5-inf)\&apos;&apos;</OUTCOME>
	<PROPERTY>position = (882,1152)</PROPERTY>
</VARIABLE>
<VARIABLE TYPE="nature">
	<NAME>X1714</NAME>
	<OUTCOME>&apos;\&apos;(-inf-32.5]\&apos;&apos;</OUTCOME>
	<OUTCOME>&apos;\&apos;(32.5-inf)\&apos;&apos;</OUTCOME>
	<PROPERTY>position = (833,1152)</PROPERTY>
</VARIABLE>
<VARIABLE TYPE="nature">
	<NAME>X1715</NAME>
	<OUTCOME>&apos;\&apos;(-inf-34.5]\&apos;&apos;</OUTCOME>
	<OUTCOME>&apos;\&apos;(34.5-inf)\&apos;&apos;</OUTCOME>
	<PROPERTY>position = (784,1248)</PROPERTY>
</VARIABLE>
<VARIABLE TYPE="nature">
	<NAME>X1742</NAME>
	<OUTCOME>&apos;\&apos;(-inf-34.5]\&apos;&apos;</OUTCOME>
	<OUTCOME>&apos;\&apos;(34.5-inf)\&apos;&apos;</OUTCOME>
	<PROPERTY>position = (735,1344)</PROPERTY>
</VARIABLE>
<VARIABLE TYPE="nature">
	<NAME>X1743</NAME>
	<OUTCOME>&apos;\&apos;(-inf-33.5]\&apos;&apos;</OUTCOME>
	<OUTCOME>&apos;\&apos;(33.5-inf)\&apos;&apos;</OUTCOME>
	<PROPERTY>position = (686,1440)</PROPERTY>
</VARIABLE>
<VARIABLE TYPE="nature">
	<NAME>X1744</NAME>
	<OUTCOME>&apos;\&apos;(-inf-36.5]\&apos;&apos;</OUTCOME>
	<OUTCOME>&apos;\&apos;(36.5-inf)\&apos;&apos;</OUTCOME>
	<PROPERTY>position = (784,1536)</PROPERTY>
</VARIABLE>
<VARIABLE TYPE="nature">
	<NAME>X1761</NAME>
	<OUTCOME>&apos;\&apos;(-inf-30.5]\&apos;&apos;</OUTCOME>
	<OUTCOME>&apos;\&apos;(30.5-inf)\&apos;&apos;</OUTCOME>
	<PROPERTY>position = (784,1344)</PROPERTY>
</VARIABLE>
<VARIABLE TYPE="nature">
	<NAME>X2213</NAME>
	<OUTCOME>&apos;\&apos;(-inf-46.5]\&apos;&apos;</OUTCOME>
	<OUTCOME>&apos;\&apos;(46.5-81.5]\&apos;&apos;</OUTCOME>
	<OUTCOME>&apos;\&apos;(81.5-164.5]\&apos;&apos;</OUTCOME>
	<OUTCOME>&apos;\&apos;(164.5-254.5]\&apos;&apos;</OUTCOME>
	<OUTCOME>&apos;\&apos;(254.5-inf)\&apos;&apos;</OUTCOME>
	<PROPERTY>position = (490,1152)</PROPERTY>
</VARIABLE>
<VARIABLE TYPE="nature">
	<NAME>X2260</NAME>
	<OUTCOME>&apos;\&apos;(-inf-74.5]\&apos;&apos;</OUTCOME>
	<OUTCOME>&apos;\&apos;(74.5-inf)\&apos;&apos;</OUTCOME>
	<PROPERTY>position = (637,1248)</PROPERTY>
</VARIABLE>
<VARIABLE TYPE="nature">
	<NAME>X2261</NAME>
	<OUTCOME>&apos;\&apos;(-inf-68.5]\&apos;&apos;</OUTCOME>
	<OUTCOME>&apos;\&apos;(68.5-239.5]\&apos;&apos;</OUTCOME>
	<OUTCOME>&apos;\&apos;(239.5-254.5]\&apos;&apos;</OUTCOME>
	<OUTCOME>&apos;\&apos;(254.5-inf)\&apos;&apos;</OUTCOME>
	<PROPERTY>position = (588,1344)</PROPERTY>
</VARIABLE>
<VARIABLE TYPE="nature">
	<NAME>X2262</NAME>
	<OUTCOME>&apos;\&apos;(-inf-72.5]\&apos;&apos;</OUTCOME>
	<OUTCOME>&apos;\&apos;(72.5-158.5]\&apos;&apos;</OUTCOME>
	<OUTCOME>&apos;\&apos;(158.5-254.5]\&apos;&apos;</OUTCOME>
	<OUTCOME>&apos;\&apos;(254.5-inf)\&apos;&apos;</OUTCOME>
	<PROPERTY>position = (539,1440)</PROPERTY>
</VARIABLE>
<VARIABLE TYPE="nature">
	<NAME>X2263</NAME>
	<OUTCOME>&apos;\&apos;(-inf-55.5]\&apos;&apos;</OUTCOME>
	<OUTCOME>&apos;\&apos;(55.5-81.5]\&apos;&apos;</OUTCOME>
	<OUTCOME>&apos;\&apos;(81.5-inf)\&apos;&apos;</OUTCOME>
	<PROPERTY>position = (490,1536)</PROPERTY>
</VARIABLE>
<VARIABLE TYPE="nature">
	<NAME>LABEL</NAME>
	<OUTCOME>0</OUTCOME>
	<OUTCOME>1</OUTCOME>
	<PROPERTY>position = (441,0)</PROPERTY>
</VARIABLE>
<DEFINITION>
<FOR>X792</FOR>
	<GIVEN>LABEL</GIVEN>
<TABLE>
0.01647058823529412 0.6988235294117647 0.26588235294117646 0.01647058823529412 0.002352941176470588 
0.20899887514060742 0.5451068616422947 0.03397075365579302 0.02002249718785152 0.1919010123734533 
</TABLE>
</DEFINITION>
<DEFINITION>
<FOR>X793</FOR>
	<GIVEN>X792</GIVEN>
<TABLE>
0.9510117145899893 0.04579339723109691 0.0010649627263045794 0.0010649627263045794 0.0010649627263045794 
0.012118986412045538 0.9772309952258539 0.009915534337128168 3.672420124862284E-4 3.672420124862284E-4 
0.003745318352059925 0.10861423220973783 0.7528089887640449 0.12359550561797752 0.011235955056179775 
0.010101010101010102 0.050505050505050504 0.21212121212121213 0.47474747474747475 0.25252525252525254 
0.0011668611435239206 0.003500583430571762 0.015169194865810968 0.040840140023337225 0.9393232205367561 
</TABLE>
</DEFINITION>
<DEFINITION>
<FOR>X794</FOR>
	<GIVEN>X793</GIVEN>
<TABLE>
0.9795258620689655 0.018318965517241378 0.0010775862068965517 0.0010775862068965517 
0.03686131386861314 0.9434306569343066 0.019343065693430656 3.64963503649635E-4 
0.003816793893129771 0.2480916030534351 0.7366412213740458 0.011450381679389313 
0.008620689655172414 0.09482758620689655 0.6293103448275862 0.2672413793103448 
0.001199040767386091 0.025179856115107913 0.07793764988009592 0.89568345323741 
</TABLE>
</DEFINITION>
<DEFINITION>
<FOR>X841</FOR>
	<GIVEN>X794</GIVEN>
	<GIVEN>X793</GIVEN>
<TABLE>
0.8892543859649122 0.10855263157894737 0.0010964912280701754 0.0010964912280701754 
0.6442307692307693 0.33653846153846156 0.009615384615384616 0.009615384615384616 
0.25 0.25 0.25 0.25 
0.25 0.25 0.25 0.25 
0.25 0.25 0.25 0.25 
0.35 0.55 0.05 0.05 
0.013523956723338485 0.9748840803709428 0.00811437403400309 0.0034775888717156105 
0.014705882352941176 0.7794117647058824 0.16176470588235295 0.04411764705882353 
0.07142857142857142 0.6428571428571429 0.21428571428571427 0.07142857142857142 
0.041666666666666664 0.7916666666666666 0.125 0.041666666666666664 
0.25 0.25 0.25 0.25 
0.017857142857142856 0.7321428571428571 0.19642857142857142 0.05357142857142857 
0.015306122448979591 0.20918367346938777 0.7091836734693877 0.0663265306122449 
0.013157894736842105 0.09210526315789473 0.7763157894736842 0.11842105263157894 
0.014705882352941176 0.22058823529411764 0.45588235294117646 0.3088235294117647 
0.25 0.25 0.25 0.25 
0.25 0.25 0.25 0.25 
0.16666666666666666 0.5 0.16666666666666666 0.16666666666666666 
0.029411764705882353 0.20588235294117646 0.5 0.2647058823529412 
0.0013333333333333333 0.02266666666666667 0.06 0.916 
</TABLE>
</DEFINITION>
<DEFINITION>
<FOR>X842</FOR>
	<GIVEN>X841</GIVEN>
	<GIVEN>X794</GIVEN>
<TABLE>
0.9931740614334471 0.005688282138794084 0.0011376564277588168 
0.9534883720930233 0.023255813953488372 0.023255813953488372 
0.6 0.2 0.2 
0.3333333333333333 0.3333333333333333 0.3333333333333333 
0.7481481481481481 0.24444444444444444 0.007407407407407408 
0.24913892078071181 0.750478377344049 3.827018752391887E-4 
0.06796116504854369 0.9223300970873787 0.009708737864077669 
0.037037037037037035 0.9259259259259259 0.037037037037037035 
0.3333333333333333 0.3333333333333333 0.3333333333333333 
0.08108108108108109 0.8918918918918919 0.02702702702702703 
0.012552301255230125 0.9748953974895398 0.012552301255230125 
0.015873015873015872 0.8095238095238095 0.1746031746031746 
0.3333333333333333 0.3333333333333333 0.3333333333333333 
0.07692307692307693 0.07692307692307693 0.8461538461538461 
0.022222222222222223 0.4666666666666667 0.5111111111111111 
0.0014347202295552368 0.23385939741750358 0.7647058823529411 
</TABLE>
</DEFINITION>
<DEFINITION>
<FOR>X935</FOR>
	<GIVEN>X792</GIVEN>
	<GIVEN>X841</GIVEN>
<TABLE>
0.998730964467005 0.0012690355329949238 
0.9933333333333333 0.006666666666666667 
0.5 0.5 
0.5 0.5 
0.9921875 0.0078125 
0.9980361351139042 0.0019638648860958365 
0.8055555555555556 0.19444444444444445 
0.1875 0.8125 
0.75 0.25 
0.9878048780487805 0.012195121951219513 
0.9705882352941176 0.029411764705882353 
0.35714285714285715 0.6428571428571429 
0.75 0.25 
0.5909090909090909 0.4090909090909091 
0.98 0.02 
0.7307692307692307 0.2692307692307692 
0.75 0.25 
0.40789473684210525 0.5921052631578947 
0.524390243902439 0.47560975609756095 
0.3022922636103152 0.6977077363896849 
</TABLE>
</DEFINITION>
<DEFINITION>
<FOR>X982</FOR>
	<GIVEN>X792</GIVEN>
	<GIVEN>X935</GIVEN>
<TABLE>
0.9861111111111112 0.013888888888888888 
0.5 0.5 
0.9603409933283914 0.0396590066716086 
0.041666666666666664 0.9583333333333334 
0.9246031746031746 0.07539682539682539 
0.07142857142857142 0.9285714285714286 
0.7926829268292683 0.2073170731707317 
0.0625 0.9375 
0.5909090909090909 0.4090909090909091 
0.24035087719298245 0.7596491228070176 
</TABLE>
</DEFINITION>
<DEFINITION>
<FOR>X983</FOR>
	<GIVEN>X935</GIVEN>
	<GIVEN>X982</GIVEN>
<TABLE>
0.9876822523881348 0.012317747611865259 
0.7444444444444445 0.25555555555555554 
0.09420289855072464 0.9057971014492754 
0.002074688796680498 0.9979253112033195 
</TABLE>
</DEFINITION>
<DEFINITION>
<FOR>X1030</FOR>
	<GIVEN>X982</GIVEN>
	<GIVEN>X793</GIVEN>
<TABLE>
0.9989082969432315 0.001091703056768559 
0.9980813507290868 0.001918649270913277 
0.9579439252336449 0.04205607476635514 
0.9864864864864865 0.013513513513513514 
0.9519230769230769 0.04807692307692308 
0.4166666666666667 0.5833333333333334 
0.5746268656716418 0.4253731343283582 
0.10416666666666667 0.8958333333333334 
0.07142857142857142 0.9285714285714286 
0.21264367816091953 0.7873563218390804 
</TABLE>
</DEFINITION>
<DEFINITION>
<FOR>X1031</FOR>
	<GIVEN>X983</GIVEN>
	<GIVEN>X792</GIVEN>
<TABLE>
0.9967948717948718 0.003205128205128205 
0.9861630516080778 0.013836948391922213 
0.9181034482758621 0.08189655172413793 
0.8076923076923077 0.19230769230769232 
0.7782608695652173 0.2217391304347826 
0.5 0.5 
0.10416666666666667 0.8958333333333334 
0.029411764705882353 0.9705882352941176 
0.05 0.95 
0.027156549520766772 0.9728434504792333 
</TABLE>
</DEFINITION>
<DEFINITION>
<FOR>X1073</FOR>
	<GIVEN>X792</GIVEN>
	<GIVEN>X842</GIVEN>
<TABLE>
0.8774120317820658 0.12145289443813848 0.0011350737797956867 
0.15254237288135594 0.8305084745762712 0.01694915254237288 
0.3333333333333333 0.3333333333333333 0.3333333333333333 
0.05518169582772544 0.9407806191117093 0.004037685060565276 
0.020843924758515507 0.9766141331977631 0.002541942043721403 
0.058823529411764705 0.7647058823529411 0.17647058823529413 
0.05263157894736842 0.6842105263157895 0.2631578947368421 
0.004329004329004329 0.9567099567099567 0.03896103896103896 
0.047619047619047616 0.7142857142857143 0.23809523809523808 
0.1111111111111111 0.1111111111111111 0.7777777777777778 
0.015384615384615385 0.7538461538461538 0.23076923076923078 
0.034482758620689655 0.5862068965517241 0.3793103448275862 
0.02702702702702703 0.08108108108108109 0.8918918918918919 
0.0033003300330033004 0.22112211221122113 0.7755775577557755 
0.0019193857965451055 0.2476007677543186 0.7504798464491362 
</TABLE>
</DEFINITION>
<DEFINITION>
<FOR>X1074</FOR>
	<GIVEN>X1073</GIVEN>
	<GIVEN>X793</GIVEN>
<TABLE>
0.9844357976653697 0.014267185473411154 0.0012970168612191958 
0.6842105263157895 0.30526315789473685 0.010526315789473684 
0.3333333333333333 0.3333333333333333 0.3333333333333333 
0.3333333333333333 0.3333333333333333 0.3333333333333333 
0.3333333333333333 0.3333333333333333 0.3333333333333333 
0.48427672955974843 0.5094339622641509 0.006289308176100629 
0.027703984819734344 0.971157495256167 0.0011385199240986717 
0.004219409282700422 0.9831223628691983 0.012658227848101266 
0.012345679012345678 0.9753086419753086 0.012345679012345678 
0.0051813471502590676 0.7927461139896373 0.20207253886010362 
0.3333333333333333 0.3333333333333333 0.3333333333333333 
0.06666666666666667 0.7333333333333333 0.2 
0.037037037037037035 0.48148148148148145 0.48148148148148145 
0.02702702702702703 0.5135135135135135 0.4594594594594595 
0.0015552099533437014 0.11975116640746501 0.8786936236391913 
</TABLE>
</DEFINITION>
<DEFINITION>
<FOR>X1086</FOR>
	<GIVEN>X792</GIVEN>
	<GIVEN>X1073</GIVEN>
<TABLE>
0.9834183673469388 0.01403061224489796 0.0012755102040816326 0.0012755102040816326 
0.8037974683544303 0.18354430379746836 0.006329113924050633 0.006329113924050633 
0.25 0.25 0.25 0.25 
0.6071428571428571 0.36904761904761907 0.011904761904761904 0.011904761904761904 
0.14996203492786636 0.8454821564160971 0.004176157934700076 3.7965072133637056E-4 
0.08333333333333333 0.5833333333333334 0.08333333333333333 0.25 
0.25 0.25 0.25 0.25 
0.012 0.516 0.428 0.044 
0.05 0.25 0.35 0.35 
0.25 0.25 0.25 0.25 
0.014705882352941176 0.36764705882352944 0.39705882352941174 0.22058823529411764 
0.029411764705882353 0.3235294117647059 0.029411764705882353 0.6176470588235294 
0.25 0.25 0.25 0.25 
0.005 0.415 0.245 0.335 
0.0015151515151515152 0.08333333333333333 0.06818181818181818 0.8469696969696969 
</TABLE>
</DEFINITION>
<DEFINITION>
<FOR>X1120</FOR>
	<GIVEN>X792</GIVEN>
	<GIVEN>X1073</GIVEN>
<TABLE>
0.9910714285714286 0.006377551020408163 0.0012755102040816326 0.0012755102040816326 
0.6772151898734177 0.310126582278481 0.006329113924050633 0.006329113924050633 
0.25 0.25 0.25 0.25 
0.44047619047619047 0.5357142857142857 0.011904761904761904 0.011904761904761904 
0.04290053151100987 0.7938496583143508 0.16059225512528474 0.0026575550493545936 
0.08333333333333333 0.08333333333333333 0.4166666666666667 0.4166666666666667 
0.25 0.25 0.25 0.25 
0.004 0.124 0.796 0.076 
0.05 0.05 0.25 0.65 
0.25 0.25 0.25 0.25 
0.014705882352941176 0.07352941176470588 0.6911764705882353 0.22058823529411764 
0.029411764705882353 0.029411764705882353 0.20588235294117646 0.7352941176470589 
0.25 0.25 0.25 0.25 
0.005 0.105 0.425 0.465 
0.0015151515151515152 0.0015151515151515152 0.025757575757575757 0.9712121212121212 
</TABLE>
</DEFINITION>
<DEFINITION>
<FOR>X1121</FOR>
	<GIVEN>X1120</GIVEN>
	<GIVEN>X842</GIVEN>
<TABLE>
0.9449244060475162 0.052915766738660906 0.0010799136069114472 0.0010799136069114472 
0.1875 0.7946428571428571 0.008928571428571428 0.008928571428571428 
0.25 0.25 0.25 0.25 
0.17182662538699692 0.8095975232198143 0.017027863777089782 0.0015479876160990713 
0.009505703422053232 0.8954372623574145 0.0944233206590621 6.337135614702154E-4 
0.03571428571428571 0.25 0.6785714285714286 0.03571428571428571 
0.014285714285714285 0.12857142857142856 0.8428571428571429 0.014285714285714285 
0.0015723270440251573 0.11477987421383648 0.8820754716981132 0.0015723270440251573 
0.011627906976744186 0.10465116279069768 0.5 0.38372093023255816 
0.020833333333333332 0.0625 0.4375 0.4791666666666667 
0.0033333333333333335 0.043333333333333335 0.27666666666666667 0.6766666666666666 
0.002109704641350211 0.006329113924050633 0.0949367088607595 0.8966244725738397 
</TABLE>
</DEFINITION>
<DEFINITION>
<FOR>X1134</FOR>
	<GIVEN>X1086</GIVEN>
	<GIVEN>X841</GIVEN>
<TABLE>
0.9459134615384616 0.051682692307692304 0.001201923076923077 0.001201923076923077 
0.47093023255813954 0.5251937984496124 0.001937984496124031 0.001937984496124031 
0.16666666666666666 0.5 0.16666666666666666 0.16666666666666666 
0.25 0.25 0.25 0.25 
0.011627906976744186 0.9651162790697675 0.011627906976744186 0.011627906976744186 
0.0022182786157941437 0.9889086069210293 0.008429458740017746 4.4365572315882877E-4 
0.006493506493506494 0.7207792207792207 0.2662337662337662 0.006493506493506494 
0.024193548387096774 0.5725806451612904 0.3467741935483871 0.056451612903225805 
0.25 0.25 0.25 0.25 
0.019230769230769232 0.019230769230769232 0.9038461538461539 0.057692307692307696 
0.00909090909090909 0.00909090909090909 0.9181818181818182 0.06363636363636363 
0.011111111111111112 0.03333333333333333 0.5444444444444444 0.4111111111111111 
0.08333333333333333 0.08333333333333333 0.08333333333333333 0.75 
0.016666666666666666 0.016666666666666666 0.016666666666666666 0.95 
0.013157894736842105 0.013157894736842105 0.039473684210526314 0.9342105263157895 
0.001838235294117647 0.001838235294117647 0.016544117647058824 0.9797794117647058 
</TABLE>
</DEFINITION>
<DEFINITION>
<FOR>X1168</FOR>
	<GIVEN>X1120</GIVEN>
	<GIVEN>X1121</GIVEN>
<TABLE>
0.9432071269487751 0.05456570155902005 0.0011135857461024498 0.0011135857461024498 
0.6071428571428571 0.37857142857142856 0.007142857142857143 0.007142857142857143 
0.25 0.25 0.25 0.25 
0.25 0.25 0.25 0.25 
0.1171875 0.8359375 0.0390625 0.0078125 
0.007716049382716049 0.956275720164609 0.03446502057613169 0.0015432098765432098 
0.005555555555555556 0.5277777777777778 0.46111111111111114 0.005555555555555556 
0.25 0.25 0.25 0.25 
0.25 0.25 0.25 0.25 
0.010869565217391304 0.16304347826086957 0.7934782608695652 0.03260869565217391 
0.0015060240963855422 0.03162650602409638 0.9201807228915663 0.046686746987951805 
0.027777777777777776 0.027777777777777776 0.4166666666666667 0.5277777777777778 
0.25 0.25 0.25 0.25 
0.05 0.05 0.25 0.65 
0.006666666666666667 0.02 0.24666666666666667 0.7266666666666667 
0.0015337423312883436 0.0015337423312883436 0.019938650306748466 0.9769938650306749 
</TABLE>
</DEFINITION>
<DEFINITION>
<FOR>X1215</FOR>
	<GIVEN>X1168</GIVEN>
	<GIVEN>X1120</GIVEN>
<TABLE>
0.8832976445396146 0.1145610278372591 0.0010706638115631692 0.0010706638115631692 
0.03125 0.90625 0.03125 0.03125 
0.25 0.25 0.25 0.25 
0.25 0.25 0.25 0.25 
0.3173076923076923 0.6634615384615384 0.009615384615384616 0.009615384615384616 
0.020853540252182348 0.9413191076624636 0.036372453928225024 0.001454898157129001 
0.02631578947368421 0.13157894736842105 0.7631578947368421 0.07894736842105263 
0.16666666666666666 0.16666666666666666 0.5 0.16666666666666666 
0.25 0.25 0.25 0.25 
0.00641025641025641 0.28846153846153844 0.6089743589743589 0.09615384615384616 
0.0014285714285714286 0.08428571428571428 0.8157142857142857 0.09857142857142857 
0.017857142857142856 0.017857142857142856 0.05357142857142857 0.9107142857142857 
0.25 0.25 0.25 0.25 
0.16666666666666666 0.16666666666666666 0.16666666666666666 0.5 
0.018518518518518517 0.05555555555555555 0.16666666666666666 0.7592592592592593 
0.0013157894736842105 0.0013157894736842105 0.056578947368421055 0.9407894736842105 
</TABLE>
</DEFINITION>
<DEFINITION>
<FOR>X1216</FOR>
	<GIVEN>X1168</GIVEN>
	<GIVEN>X1215</GIVEN>
<TABLE>
0.8369565217391305 0.1606280193236715 0.0012077294685990338 0.0012077294685990338 
0.13768115942028986 0.8478260869565217 0.007246376811594203 0.007246376811594203 
0.25 0.25 0.25 0.25 
0.25 0.25 0.25 0.25 
0.01282051282051282 0.9615384615384616 0.01282051282051282 0.01282051282051282 
0.00248015873015873 0.9776785714285714 0.019345238095238096 4.96031746031746E-4 
0.009259259259259259 0.5833333333333334 0.39814814814814814 0.009259259259259259 
0.125 0.125 0.375 0.375 
0.25 0.25 0.25 0.25 
0.009433962264150943 0.0660377358490566 0.9150943396226415 0.009433962264150943 
0.0014925373134328358 0.05223880597014925 0.9328358208955224 0.013432835820895522 
0.007352941176470588 0.022058823529411766 0.5514705882352942 0.41911764705882354 
0.25 0.25 0.25 0.25 
0.16666666666666666 0.16666666666666666 0.16666666666666666 0.5 
0.018518518518518517 0.018518518518518517 0.05555555555555555 0.9074074074074074 
0.0013157894736842105 0.0013157894736842105 0.025 0.9723684210526315 
</TABLE>
</DEFINITION>
<DEFINITION>
<FOR>X1218</FOR>
	<GIVEN>X1216</GIVEN>
	<GIVEN>X841</GIVEN>
<TABLE>
0.9968895800933126 0.0015552099533437014 0.0015552099533437014 
0.974025974025974 0.012987012987012988 0.012987012987012988 
0.3333333333333333 0.3333333333333333 0.3333333333333333 
0.3333333333333333 0.3333333333333333 0.3333333333333333 
0.9922779922779923 0.003861003861003861 0.003861003861003861 
0.9877300613496932 0.011798017932987258 4.7192071731949034E-4 
0.29411764705882354 0.5294117647058824 0.17647058823529413 
0.23076923076923078 0.07692307692307693 0.6923076923076923 
0.7647058823529411 0.17647058823529413 0.058823529411764705 
0.7915966386554621 0.1899159663865546 0.018487394957983194 
0.39737991266375544 0.5283842794759825 0.07423580786026202 
0.7313432835820896 0.014925373134328358 0.2537313432835821 
0.45454545454545453 0.09090909090909091 0.45454545454545453 
0.47126436781609193 0.1724137931034483 0.3563218390804598 
0.44086021505376344 0.13978494623655913 0.41935483870967744 
0.2 0.1674074074074074 0.6325925925925926 
</TABLE>
</DEFINITION>
<DEFINITION>
<FOR>X1219</FOR>
	<GIVEN>X1218</GIVEN>
	<GIVEN>X1030</GIVEN>
<TABLE>
0.9997317596566524 2.682403433476395E-4 
0.9835164835164835 0.016483516483516484 
0.978125 0.021875 
0.9204545454545454 0.07954545454545454 
0.5458333333333333 0.45416666666666666 
0.39171974522292996 0.60828025477707 
</TABLE>
</DEFINITION>
<DEFINITION>
<FOR>X1263</FOR>
	<GIVEN>X1215</GIVEN>
	<GIVEN>X1216</GIVEN>
<TABLE>
0.9698275862068966 0.027298850574712645 0.0014367816091954023 0.0014367816091954023 
0.5952380952380952 0.3952380952380952 0.004761904761904762 0.004761904761904762 
0.25 0.25 0.25 0.25 
0.25 0.25 0.25 0.25 
0.038461538461538464 0.8846153846153846 0.038461538461538464 0.038461538461538464 
0.0014312977099236641 0.987118320610687 0.01097328244274809 4.7709923664122136E-4 
0.007246376811594203 0.8333333333333334 0.15217391304347827 0.007246376811594203 
0.16666666666666666 0.16666666666666666 0.5 0.16666666666666666 
0.25 0.25 0.25 0.25 
0.01 0.25 0.69 0.05 
0.001488095238095238 0.03422619047619048 0.9449404761904762 0.019345238095238096 
0.016666666666666666 0.08333333333333333 0.7833333333333333 0.11666666666666667 
0.25 0.25 0.25 0.25 
0.16666666666666666 0.16666666666666666 0.16666666666666666 0.5 
0.01020408163265306 0.01020408163265306 0.1326530612244898 0.8469387755102041 
0.00125 0.00125 0.03125 0.96625 
</TABLE>
</DEFINITION>
<DEFINITION>
<FOR>X1265</FOR>
	<GIVEN>X1216</GIVEN>
	<GIVEN>X1218</GIVEN>
<TABLE>
0.004172461752433936 0.9916550764951322 0.0013908205841446453 0.0013908205841446453 0.0013908205841446453 
0.2 0.2 0.2 0.2 0.2 
0.2 0.2 0.2 0.2 0.2 
0.00635862653666808 0.989826197541331 0.00211954217888936 0.001271725307333616 4.23908435777872E-4 
0.02702702702702703 0.7837837837837838 0.13513513513513514 0.02702702702702703 0.02702702702702703 
0.06666666666666667 0.6 0.06666666666666667 0.2 0.06666666666666667 
0.0048 0.7248 0.1296 0.0912 0.0496 
0.0041841004184100415 0.1799163179916318 0.6234309623430963 0.14644351464435146 0.04602510460251046 
0.02127659574468085 0.10638297872340426 0.23404255319148937 0.44680851063829785 0.19148936170212766 
0.004484304932735426 0.04932735426008968 0.06726457399103139 0.14798206278026907 0.7309417040358744 
0.006993006993006993 0.02097902097902098 0.006993006993006993 0.07692307692307693 0.8881118881118881 
0.0019880715705765406 0.005964214711729622 0.0019880715705765406 0.005964214711729622 0.9840954274353877 
</TABLE>
</DEFINITION>
<DEFINITION>
<FOR>X1266</FOR>
	<GIVEN>X1265</GIVEN>
	<GIVEN>X1219</GIVEN>
<TABLE>
0.6190476190476191 0.3333333333333333 0.047619047619047616 
0.3333333333333333 0.3333333333333333 0.3333333333333333 
0.008089260808926082 0.9916317991631799 2.789400278940028E-4 
0.06666666666666667 0.4666666666666667 0.4666666666666667 
0.0038910505836575876 0.9688715953307393 0.027237354085603113 
0.1111111111111111 0.3333333333333333 0.5555555555555556 
0.006711409395973154 0.825503355704698 0.16778523489932887 
0.06666666666666667 0.3333333333333333 0.6 
0.0018148820326678765 0.14337568058076225 0.8548094373865699 
0.0035087719298245615 0.0035087719298245615 0.9929824561403509 
</TABLE>
</DEFINITION>
<DEFINITION>
<FOR>X1268</FOR>
	<GIVEN>X1218</GIVEN>
	<GIVEN>X1073</GIVEN>
<TABLE>
0.9988372093023256 0.0011627906976744186 
0.9954160789844851 0.004583921015514809 
0.8101851851851852 0.18981481481481483 
0.75 0.25 
0.8366666666666667 0.16333333333333333 
0.5 0.5 
0.5 0.5 
0.50625 0.49375 
0.1751269035532995 0.8248730964467005 
</TABLE>
</DEFINITION>
<DEFINITION>
<FOR>X1269</FOR>
	<GIVEN>X1121</GIVEN>
	<GIVEN>X842</GIVEN>
<TABLE>
0.8265720081135902 0.17342799188640973 
0.4722222222222222 0.5277777777777778 
0.5 0.5 
0.4965635738831615 0.5034364261168385 
0.21626733921815888 0.7837326607818411 
0.16666666666666666 0.8333333333333334 
0.2111111111111111 0.7888888888888889 
0.059343434343434344 0.9406565656565656 
0.04716981132075472 0.9528301886792453 
0.4583333333333333 0.5416666666666666 
0.04411764705882353 0.9558823529411765 
0.010917030567685589 0.9890829694323144 
</TABLE>
</DEFINITION>
<DEFINITION>
<FOR>X1313</FOR>
	<GIVEN>X1265</GIVEN>
	<GIVEN>X1263</GIVEN>
<TABLE>
0.16666666666666666 0.5 0.16666666666666666 0.16666666666666666 
0.55 0.35 0.05 0.05 
0.25 0.25 0.25 0.25 
0.25 0.25 0.25 0.25 
0.0012468827930174563 0.12344139650872818 0.8740648379052369 0.0012468827930174563 
0.0022007042253521128 0.01716549295774648 0.980193661971831 4.4014084507042255E-4 
0.0020491803278688526 0.010245901639344262 0.9487704918032787 0.0389344262295082 
0.020833333333333332 0.020833333333333332 0.5625 0.3958333333333333 
0.25 0.25 0.25 0.25 
0.022727272727272728 0.022727272727272728 0.9318181818181818 0.022727272727272728 
0.0049504950495049506 0.0049504950495049506 0.8762376237623762 0.11386138613861387 
0.038461538461538464 0.038461538461538464 0.2692307692307692 0.6538461538461539 
0.25 0.25 0.25 0.25 
0.041666666666666664 0.041666666666666664 0.4583333333333333 0.4583333333333333 
0.013157894736842105 0.013157894736842105 0.35526315789473684 0.618421052631579 
0.014285714285714285 0.014285714285714285 0.014285714285714285 0.9571428571428572 
0.25 0.25 0.25 0.25 
0.07142857142857142 0.07142857142857142 0.07142857142857142 0.7857142857142857 
0.01282051282051282 0.01282051282051282 0.08974358974358974 0.8846153846153846 
0.0013333333333333333 0.0013333333333333333 0.02 0.9773333333333334 
</TABLE>
</DEFINITION>
<DEFINITION>
<FOR>X1316</FOR>
	<GIVEN>X1266</GIVEN>
	<GIVEN>X1268</GIVEN>
<TABLE>
0.9761904761904762 0.023809523809523808 
0.5 0.5 
0.9962159434914228 0.0037840565085771947 
0.8833333333333333 0.11666666666666667 
0.7156862745098039 0.28431372549019607 
0.11044176706827309 0.8895582329317269 
</TABLE>
</DEFINITION>
<DEFINITION>
<FOR>X1317</FOR>
	<GIVEN>X1269</GIVEN>
	<GIVEN>X1121</GIVEN>
<TABLE>
0.9987980769230769 0.001201923076923077 
0.919558359621451 0.0804416403785489 
0.7 0.3 
0.7916666666666666 0.20833333333333334 
0.6263157894736842 0.3736842105263158 
0.20193548387096774 0.7980645161290323 
0.0665938864628821 0.9334061135371179 
0.019696969696969695 0.9803030303030303 
</TABLE>
</DEFINITION>
<DEFINITION>
<FOR>X1507</FOR>
	<GIVEN>X1218</GIVEN>
	<GIVEN>X1030</GIVEN>
<TABLE>
0.9981223175965666 0.0018776824034334764 
0.9395604395604396 0.06043956043956044 
0.978125 0.021875 
0.7159090909090909 0.2840909090909091 
0.7458333333333333 0.25416666666666665 
0.46178343949044587 0.5382165605095541 
</TABLE>
</DEFINITION>
<DEFINITION>
<FOR>X1508</FOR>
	<GIVEN>X1507</GIVEN>
	<GIVEN>X1265</GIVEN>
<TABLE>
0.95 0.05 
0.9991620111731844 8.379888268156424E-4 
0.996031746031746 0.003968253968253968 
0.9666666666666667 0.03333333333333333 
0.9074074074074074 0.09259259259259259 
0.5 0.5 
0.6111111111111112 0.3888888888888889 
0.4166666666666667 0.5833333333333334 
0.4166666666666667 0.5833333333333334 
0.15416666666666667 0.8458333333333333 
</TABLE>
</DEFINITION>
<DEFINITION>
<FOR>X1666</FOR>
	<GIVEN>X1086</GIVEN>
	<GIVEN>X1269</GIVEN>
<TABLE>
0.4828693790149893 0.5171306209850107 
0.11407766990291263 0.8859223300970874 
0.07706093189964158 0.9229390681003584 
0.02392578125 0.97607421875 
0.05555555555555555 0.9444444444444444 
0.004424778761061947 0.995575221238938 
0.02 0.98 
0.0015873015873015873 0.9984126984126984 
</TABLE>
</DEFINITION>
<DEFINITION>
<FOR>X1694</FOR>
	<GIVEN>X1666</GIVEN>
	<GIVEN>X1121</GIVEN>
<TABLE>
0.7480719794344473 0.2493573264781491 0.002570694087403599 
0.6847290640394089 0.29064039408866993 0.024630541871921183 
0.3333333333333333 0.3333333333333333 0.3333333333333333 
0.3333333333333333 0.3333333333333333 0.3333333333333333 
0.17165354330708663 0.8110236220472441 0.01732283464566929 
0.07917297024710035 0.8446797781139688 0.07614725163893091 
0.007106598984771574 0.8578680203045685 0.1350253807106599 
0.0014641288433382138 0.6222547584187409 0.3762811127379209 
</TABLE>
</DEFINITION>
<DEFINITION>
<FOR>X1695</FOR>
	<GIVEN>X1694</GIVEN>
	<GIVEN>X1666</GIVEN>
<TABLE>
0.8767441860465116 0.12325581395348838 
0.5772058823529411 0.4227941176470588 
0.3269230769230769 0.6730769230769231 
0.012434933487565067 0.9875650665124349 
0.16666666666666666 0.8333333333333334 
0.0018181818181818182 0.9981818181818182 
</TABLE>
</DEFINITION>
<DEFINITION>
<FOR>X1714</FOR>
	<GIVEN>X1666</GIVEN>
	<GIVEN>X1694</GIVEN>
<TABLE>
0.8302325581395349 0.1697674418604651 
0.4423076923076923 0.5576923076923077 
0.5 0.5 
0.2977941176470588 0.7022058823529411 
0.013013302486986697 0.9869866975130133 
0.0018181818181818182 0.9981818181818182 
</TABLE>
</DEFINITION>
<DEFINITION>
<FOR>X1715</FOR>
	<GIVEN>X1714</GIVEN>
	<GIVEN>X1694</GIVEN>
<TABLE>
0.9429223744292238 0.05707762557077625 
0.7807017543859649 0.21929824561403508 
0.75 0.25 
0.4053030303030303 0.5946969696969697 
0.04542857142857143 0.9545714285714286 
0.009057971014492754 0.9909420289855072 
</TABLE>
</DEFINITION>
<DEFINITION>
<FOR>X1742</FOR>
	<GIVEN>X1694</GIVEN>
	<GIVEN>X1715</GIVEN>
<TABLE>
0.8788461538461538 0.12115384615384615 
0.521978021978022 0.47802197802197804 
0.29435483870967744 0.7056451612903226 
0.013368983957219251 0.9866310160427807 
0.125 0.875 
0.0018248175182481751 0.9981751824817519 
</TABLE>
</DEFINITION>
<DEFINITION>
<FOR>X1743</FOR>
	<GIVEN>X1694</GIVEN>
	<GIVEN>X1742</GIVEN>
<TABLE>
0.9510869565217391 0.04891304347826087 
0.54 0.46 
0.09322033898305085 0.9067796610169492 
8.581235697940503E-4 0.9991418764302059 
0.5 0.5 
0.0018050541516245488 0.9981949458483754 
</TABLE>
</DEFINITION>
<DEFINITION>
<FOR>X1744</FOR>
	<GIVEN>X1695</GIVEN>
	<GIVEN>X1743</GIVEN>
<TABLE>
0.9979253112033195 0.002074688796680498 
0.7876712328767124 0.21232876712328766 
0.41304347826086957 0.5869565217391305 
0.008532423208191127 0.9914675767918089 
</TABLE>
</DEFINITION>
<DEFINITION>
<FOR>X1761</FOR>
	<GIVEN>X1714</GIVEN>
	<GIVEN>X1715</GIVEN>
<TABLE>
0.8313492063492064 0.16865079365079366 
0.42 0.58 
0.03333333333333333 0.9666666666666667 
2.472799208704253E-4 0.9997527200791295 
</TABLE>
</DEFINITION>
<DEFINITION>
<FOR>X2213</FOR>
	<GIVEN>X1216</GIVEN>
	<GIVEN>X1694</GIVEN>
<TABLE>
