<?xml version="1.0"?>
<!-- DTD for the XMLBIF 0.3 format -->
<!DOCTYPE BIF [
	<!ELEMENT BIF ( NETWORK )*>
	      <!ATTLIST BIF VERSION CDATA #REQUIRED>
	<!ELEMENT NETWORK ( NAME, ( PROPERTY | VARIABLE | DEFINITION )* )>
	<!ELEMENT NAME (#PCDATA)>
	<!ELEMENT VARIABLE ( NAME, ( OUTCOME |  PROPERTY )* ) >
	      <!ATTLIST VARIABLE TYPE (nature|decision|utility) "nature">
	<!ELEMENT OUTCOME (#PCDATA)>
	<!ELEMENT DEFINITION ( FOR | GIVEN | TABLE | PROPERTY )* >
	<!ELEMENT FOR (#PCDATA)>
	<!ELEMENT GIVEN (#PCDATA)>
	<!ELEMENT TABLE (#PCDATA)>
	<!ELEMENT PROPERTY (#PCDATA)>
]>


<BIF VERSION="0.3">
<NETWORK>
<NAME>&apos;x_train_smpl_bin-weka.filters.unsupervised.attribute.NumericToNominal-Rlast-weka.filters.unsupervised.instance.Randomize-S42-weka.filters.unsupervised.attribute.Remove-R1-744,747-792,797-841,844-935,937-982,985-1025,1028-1030,1033-1072,1076-1086,1088-1119,1123-1134,1136-1167,1170-1171,1173-1182,1184-1215,1221-1263,1265,1268,1271-1312,1319-1361,1363-1364,1367-1460,1463-1506,1510-1561,1564-1610,1612-1666,1669-1694,1697-1713,1717-1742,1746-1760,1764-2095,2098-2138,2142-2165,2167-2213,2217-2260,2266-2304-weka.filters.supervised.attribute.Discretize-Rfirst-last-precision6-weka.filters.unsupervised.attribute.ReplaceMissingValues&apos;</NAME>
<VARIABLE TYPE="nature">
	<NAME>X744</NAME>
	<OUTCOME>&apos;\&apos;(-inf-102.5]\&apos;&apos;</OUTCOME>
	<OUTCOME>&apos;\&apos;(102.5-226.5]\&apos;&apos;</OUTCOME>
	<OUTCOME>&apos;\&apos;(226.5-252.5]\&apos;&apos;</OUTCOME>
	<OUTCOME>&apos;\&apos;(252.5-inf)\&apos;&apos;</OUTCOME>
	<PROPERTY>position = (294,96)</PROPERTY>
</VARIABLE>
<VARIABLE TYPE="nature">
	<NAME>X745</NAME>
	<OUTCOME>&apos;\&apos;(-inf-102.5]\&apos;&apos;</OUTCOME>
	<OUTCOME>&apos;\&apos;(102.5-232.5]\&apos;&apos;</OUTCOME>
	<OUTCOME>&apos;\&apos;(232.5-251.5]\&apos;&apos;</OUTCOME>
	<OUTCOME>&apos;\&apos;(251.5-inf)\&apos;&apos;</OUTCOME>
	<PROPERTY>position = (441,192)</PROPERTY>
</VARIABLE>
<VARIABLE TYPE="nature">
	<NAME>X792</NAME>
	<OUTCOME>&apos;\&apos;(-inf-102.5]\&apos;&apos;</OUTCOME>
	<OUTCOME>&apos;\&apos;(102.5-230.5]\&apos;&apos;</OUTCOME>
	<OUTCOME>&apos;\&apos;(230.5-248.5]\&apos;&apos;</OUTCOME>
	<OUTCOME>&apos;\&apos;(248.5-253.5]\&apos;&apos;</OUTCOME>
	<OUTCOME>&apos;\&apos;(253.5-inf)\&apos;&apos;</OUTCOME>
	<PROPERTY>position = (392,288)</PROPERTY>
</VARIABLE>
<VARIABLE TYPE="nature">
	<NAME>X793</NAME>
	<OUTCOME>&apos;\&apos;(-inf-99.5]\&apos;&apos;</OUTCOME>
	<OUTCOME>&apos;\&apos;(99.5-230.5]\&apos;&apos;</OUTCOME>
	<OUTCOME>&apos;\&apos;(230.5-246.5]\&apos;&apos;</OUTCOME>
	<OUTCOME>&apos;\&apos;(246.5-252.5]\&apos;&apos;</OUTCOME>
	<OUTCOME>&apos;\&apos;(252.5-inf)\&apos;&apos;</OUTCOME>
	<PROPERTY>position = (343,384)</PROPERTY>
</VARIABLE>
<VARIABLE TYPE="nature">
	<NAME>X794</NAME>
	<OUTCOME>&apos;\&apos;(-inf-99.5]\&apos;&apos;</OUTCOME>
	<OUTCOME>&apos;\&apos;(99.5-225.5]\&apos;&apos;</OUTCOME>
	<OUTCOME>&apos;\&apos;(225.5-250.5]\&apos;&apos;</OUTCOME>
	<OUTCOME>&apos;\&apos;(250.5-inf)\&apos;&apos;</OUTCOME>
	<PROPERTY>position = (441,480)</PROPERTY>
</VARIABLE>
<VARIABLE TYPE="nature">
	<NAME>X795</NAME>
	<OUTCOME>&apos;\&apos;(-inf-113.5]\&apos;&apos;</OUTCOME>
	<OUTCOME>&apos;\&apos;(113.5-248.5]\&apos;&apos;</OUTCOME>
	<OUTCOME>&apos;\&apos;(248.5-inf)\&apos;&apos;</OUTCOME>
	<PROPERTY>position = (392,576)</PROPERTY>
</VARIABLE>
<VARIABLE TYPE="nature">
	<NAME>X841</NAME>
	<OUTCOME>&apos;\&apos;(-inf-97.5]\&apos;&apos;</OUTCOME>
	<OUTCOME>&apos;\&apos;(97.5-229.5]\&apos;&apos;</OUTCOME>
	<OUTCOME>&apos;\&apos;(229.5-251.5]\&apos;&apos;</OUTCOME>
	<OUTCOME>&apos;\&apos;(251.5-inf)\&apos;&apos;</OUTCOME>
	<PROPERTY>position = (441,576)</PROPERTY>
</VARIABLE>
<VARIABLE TYPE="nature">
	<NAME>X842</NAME>
	<OUTCOME>&apos;\&apos;(-inf-113.5]\&apos;&apos;</OUTCOME>
	<OUTCOME>&apos;\&apos;(113.5-248.5]\&apos;&apos;</OUTCOME>
	<OUTCOME>&apos;\&apos;(248.5-inf)\&apos;&apos;</OUTCOME>
	<PROPERTY>position = (392,672)</PROPERTY>
</VARIABLE>
<VARIABLE TYPE="nature">
	<NAME>X935</NAME>
	<OUTCOME>&apos;\&apos;(-inf-239.5]\&apos;&apos;</OUTCOME>
	<OUTCOME>&apos;\&apos;(239.5-inf)\&apos;&apos;</OUTCOME>
	<PROPERTY>position = (98,672)</PROPERTY>
</VARIABLE>
<VARIABLE TYPE="nature">
	<NAME>X982</NAME>
	<OUTCOME>&apos;\&apos;(-inf-163.5]\&apos;&apos;</OUTCOME>
	<OUTCOME>&apos;\&apos;(163.5-inf)\&apos;&apos;</OUTCOME>
	<PROPERTY>position = (147,768)</PROPERTY>
</VARIABLE>
<VARIABLE TYPE="nature">
	<NAME>X983</NAME>
	<OUTCOME>&apos;\&apos;(-inf-208.5]\&apos;&apos;</OUTCOME>
	<OUTCOME>&apos;\&apos;(208.5-inf)\&apos;&apos;</OUTCOME>
	<PROPERTY>position = (49,864)</PROPERTY>
</VARIABLE>
<VARIABLE TYPE="nature">
	<NAME>X1025</NAME>
	<OUTCOME>&apos;\&apos;(-inf-73.5]\&apos;&apos;</OUTCOME>
	<OUTCOME>&apos;\&apos;(73.5-246.5]\&apos;&apos;</OUTCOME>
	<OUTCOME>&apos;\&apos;(246.5-inf)\&apos;&apos;</OUTCOME>
	<PROPERTY>position = (294,768)</PROPERTY>
</VARIABLE>
<VARIABLE TYPE="nature">
	<NAME>X1026</NAME>
	<OUTCOME>&apos;\&apos;(-inf-99.5]\&apos;&apos;</OUTCOME>
	<OUTCOME>&apos;\&apos;(99.5-246.5]\&apos;&apos;</OUTCOME>
	<OUTCOME>&apos;\&apos;(246.5-inf)\&apos;&apos;</OUTCOME>
	<PROPERTY>position = (441,864)</PROPERTY>
</VARIABLE>
<VARIABLE TYPE="nature">
	<NAME>X1030</NAME>
	<OUTCOME>&apos;\&apos;(-inf-169.5]\&apos;&apos;</OUTCOME>
	<OUTCOME>&apos;\&apos;(169.5-inf)\&apos;&apos;</OUTCOME>
	<PROPERTY>position = (98,864)</PROPERTY>
</VARIABLE>
<VARIABLE TYPE="nature">
	<NAME>X1031</NAME>
	<OUTCOME>&apos;\&apos;(-inf-190.5]\&apos;&apos;</OUTCOME>
	<OUTCOME>&apos;\&apos;(190.5-inf)\&apos;&apos;</OUTCOME>
	<PROPERTY>position = (0,960)</PROPERTY>
</VARIABLE>
<VARIABLE TYPE="nature">
	<NAME>X1072</NAME>
	<OUTCOME>&apos;\&apos;(-inf-91.5]\&apos;&apos;</OUTCOME>
	<OUTCOME>&apos;\&apos;(91.5-247.5]\&apos;&apos;</OUTCOME>
	<OUTCOME>&apos;\&apos;(247.5-inf)\&apos;&apos;</OUTCOME>
	<PROPERTY>position = (343,864)</PROPERTY>
</VARIABLE>
<VARIABLE TYPE="nature">
	<NAME>X1073</NAME>
	<OUTCOME>&apos;\&apos;(-inf-86.5]\&apos;&apos;</OUTCOME>
	<OUTCOME>&apos;\&apos;(86.5-246.5]\&apos;&apos;</OUTCOME>
	<OUTCOME>&apos;\&apos;(246.5-inf)\&apos;&apos;</OUTCOME>
	<PROPERTY>position = (196,960)</PROPERTY>
</VARIABLE>
<VARIABLE TYPE="nature">
	<NAME>X1074</NAME>
	<OUTCOME>&apos;\&apos;(-inf-91.5]\&apos;&apos;</OUTCOME>
	<OUTCOME>&apos;\&apos;(91.5-246.5]\&apos;&apos;</OUTCOME>
	<OUTCOME>&apos;\&apos;(246.5-inf)\&apos;&apos;</OUTCOME>
	<PROPERTY>position = (147,1056)</PROPERTY>
</VARIABLE>
<VARIABLE TYPE="nature">
	<NAME>X1086</NAME>
	<OUTCOME>&apos;\&apos;(-inf-102.5]\&apos;&apos;</OUTCOME>
	<OUTCOME>&apos;\&apos;(102.5-226.5]\&apos;&apos;</OUTCOME>
	<OUTCOME>&apos;\&apos;(226.5-244.5]\&apos;&apos;</OUTCOME>
	<OUTCOME>&apos;\&apos;(244.5-inf)\&apos;&apos;</OUTCOME>
	<PROPERTY>position = (784,960)</PROPERTY>
</VARIABLE>
<VARIABLE TYPE="nature">
	<NAME>X1119</NAME>
	<OUTCOME>&apos;\&apos;(-inf-92.5]\&apos;&apos;</OUTCOME>
	<OUTCOME>&apos;\&apos;(92.5-200.5]\&apos;&apos;</OUTCOME>
	<OUTCOME>&apos;\&apos;(200.5-248.5]\&apos;&apos;</OUTCOME>
	<OUTCOME>&apos;\&apos;(248.5-inf)\&apos;&apos;</OUTCOME>
	<PROPERTY>position = (539,960)</PROPERTY>
</VARIABLE>
<VARIABLE TYPE="nature">
	<NAME>X1120</NAME>
	<OUTCOME>&apos;\&apos;(-inf-102.5]\&apos;&apos;</OUTCOME>
	<OUTCOME>&apos;\&apos;(102.5-199.5]\&apos;&apos;</OUTCOME>
	<OUTCOME>&apos;\&apos;(199.5-247.5]\&apos;&apos;</OUTCOME>
	<OUTCOME>&apos;\&apos;(247.5-inf)\&apos;&apos;</OUTCOME>
	<PROPERTY>position = (441,1056)</PROPERTY>
</VARIABLE>
<VARIABLE TYPE="nature">
	<NAME>X1121</NAME>
	<OUTCOME>&apos;\&apos;(-inf-96.5]\&apos;&apos;</OUTCOME>
	<OUTCOME>&apos;\&apos;(96.5-189.5]\&apos;&apos;</OUTCOME>
	<OUTCOME>&apos;\&apos;(189.5-246.5]\&apos;&apos;</OUTCOME>
	<OUTCOME>&apos;\&apos;(246.5-inf)\&apos;&apos;</OUTCOME>
	<PROPERTY>position = (490,1152)</PROPERTY>
</VARIABLE>
<VARIABLE TYPE="nature">
	<NAME>X1134</NAME>
	<OUTCOME>&apos;\&apos;(-inf-90.5]\&apos;&apos;</OUTCOME>
	<OUTCOME>&apos;\&apos;(90.5-222.5]\&apos;&apos;</OUTCOME>
	<OUTCOME>&apos;\&apos;(222.5-244.5]\&apos;&apos;</OUTCOME>
	<OUTCOME>&apos;\&apos;(244.5-inf)\&apos;&apos;</OUTCOME>
	<PROPERTY>position = (833,1056)</PROPERTY>
</VARIABLE>
<VARIABLE TYPE="nature">
	<NAME>X1167</NAME>
	<OUTCOME>&apos;\&apos;(-inf-92.5]\&apos;&apos;</OUTCOME>
	<OUTCOME>&apos;\&apos;(92.5-193.5]\&apos;&apos;</OUTCOME>
	<OUTCOME>&apos;\&apos;(193.5-248.5]\&apos;&apos;</OUTCOME>
	<OUTCOME>&apos;\&apos;(248.5-inf)\&apos;&apos;</OUTCOME>
	<PROPERTY>position = (490,1248)</PROPERTY>
</VARIABLE>
<VARIABLE TYPE="nature">
	<NAME>X1168</NAME>
	<OUTCOME>&apos;\&apos;(-inf-99.5]\&apos;&apos;</OUTCOME>
	<OUTCOME>&apos;\&apos;(99.5-196.5]\&apos;&apos;</OUTCOME>
	<OUTCOME>&apos;\&apos;(196.5-248.5]\&apos;&apos;</OUTCOME>
	<OUTCOME>&apos;\&apos;(248.5-inf)\&apos;&apos;</OUTCOME>
	<PROPERTY>position = (441,1344)</PROPERTY>
</VARIABLE>
<VARIABLE TYPE="nature">
	<NAME>X1171</NAME>
	<OUTCOME>&apos;\&apos;(-inf-102.5]\&apos;&apos;</OUTCOME>
	<OUTCOME>&apos;\&apos;(102.5-236.5]\&apos;&apos;</OUTCOME>
	<OUTCOME>&apos;\&apos;(236.5-inf)\&apos;&apos;</OUTCOME>
	<PROPERTY>position = (441,768)</PROPERTY>
</VARIABLE>
<VARIABLE TYPE="nature">
	<NAME>X1182</NAME>
	<OUTCOME>&apos;\&apos;(-inf-87.5]\&apos;&apos;</OUTCOME>
	<OUTCOME>&apos;\&apos;(87.5-226.5]\&apos;&apos;</OUTCOME>
	<OUTCOME>&apos;\&apos;(226.5-245.5]\&apos;&apos;</OUTCOME>
	<OUTCOME>&apos;\&apos;(245.5-inf)\&apos;&apos;</OUTCOME>
	<PROPERTY>position = (784,1152)</PROPERTY>
</VARIABLE>
<VARIABLE TYPE="nature">
	<NAME>X1215</NAME>
	<OUTCOME>&apos;\&apos;(-inf-91.5]\&apos;&apos;</OUTCOME>
	<OUTCOME>&apos;\&apos;(91.5-194.5]\&apos;&apos;</OUTCOME>
	<OUTCOME>&apos;\&apos;(194.5-246.5]\&apos;&apos;</OUTCOME>
	<OUTCOME>&apos;\&apos;(246.5-inf)\&apos;&apos;</OUTCOME>
	<PROPERTY>position = (441,1440)</PROPERTY>
</VARIABLE>
<VARIABLE TYPE="nature">
	<NAME>X1216</NAME>
	<OUTCOME>&apos;\&apos;(-inf-86.5]\&apos;&apos;</OUTCOME>
	<OUTCOME>&apos;\&apos;(86.5-193.5]\&apos;&apos;</OUTCOME>
	<OUTCOME>&apos;\&apos;(193.5-246.5]\&apos;&apos;</OUTCOME>
	<OUTCOME>&apos;\&apos;(246.5-inf)\&apos;&apos;</OUTCOME>
	<PROPERTY>position = (392,1536)</PROPERTY>
</VARIABLE>
<VARIABLE TYPE="nature">
	<NAME>X1217</NAME>
	<OUTCOME>&apos;\&apos;(-inf-104.5]\&apos;&apos;</OUTCOME>
	<OUTCOME>&apos;\&apos;(104.5-223.5]\&apos;&apos;</OUTCOME>
	<OUTCOME>&apos;\&apos;(223.5-244.5]\&apos;&apos;</OUTCOME>
	<OUTCOME>&apos;\&apos;(244.5-inf)\&apos;&apos;</OUTCOME>
	<PROPERTY>position = (343,1440)</PROPERTY>
</VARIABLE>
<VARIABLE TYPE="nature">
	<NAME>X1218</NAME>
	<OUTCOME>&apos;\&apos;(-inf-211.5]\&apos;&apos;</OUTCOME>
	<OUTCOME>&apos;\&apos;(211.5-238.5]\&apos;&apos;</OUTCOME>
	<OUTCOME>&apos;\&apos;(238.5-inf)\&apos;&apos;</OUTCOME>
	<PROPERTY>position = (196,1536)</PROPERTY>
</VARIABLE>
<VARIABLE TYPE="nature">
	<NAME>X1219</NAME>
	<OUTCOME>&apos;\&apos;(-inf-235.5]\&apos;&apos;</OUTCOME>
	<OUTCOME>&apos;\&apos;(235.5-inf)\&apos;&apos;</OUTCOME>
	<PROPERTY>position = (245,1632)</PROPERTY>
</VARIABLE>
<VARIABLE TYPE="nature">
	<NAME>X1263</NAME>
	<OUTCOME>&apos;\&apos;(-inf-85.5]\&apos;&apos;</OUTCOME>
	<OUTCOME>&apos;\&apos;(85.5-194.5]\&apos;&apos;</OUTCOME>
	<OUTCOME>&apos;\&apos;(194.5-246.5]\&apos;&apos;</OUTCOME>
	<OUTCOME>&apos;\&apos;(246.5-inf)\&apos;&apos;</OUTCOME>
	<PROPERTY>position = (392,1632)</PROPERTY>
</VARIABLE>
<VARIABLE TYPE="nature">
	<NAME>X1265</NAME>
	<OUTCOME>&apos;\&apos;(-inf-25.5]\&apos;&apos;</OUTCOME>
	<OUTCOME>&apos;\&apos;(25.5-220.5]\&apos;&apos;</OUTCOME>
	<OUTCOME>&apos;\&apos;(220.5-235.5]\&apos;&apos;</OUTCOME>
	<OUTCOME>&apos;\&apos;(235.5-245.5]\&apos;&apos;</OUTCOME>
	<OUTCOME>&apos;\&apos;(245.5-inf)\&apos;&apos;</OUTCOME>
	<PROPERTY>position = (343,1632)</PROPERTY>
</VARIABLE>
<VARIABLE TYPE="nature">
	<NAME>X1266</NAME>
	<OUTCOME>&apos;\&apos;(-inf-27.5]\&apos;&apos;</OUTCOME>
	<OUTCOME>&apos;\&apos;(27.5-236.5]\&apos;&apos;</OUTCOME>
	<OUTCOME>&apos;\&apos;(236.5-inf)\&apos;&apos;</OUTCOME>
	<PROPERTY>position = (294,1728)</PROPERTY>
</VARIABLE>
<VARIABLE TYPE="nature">
	<NAME>X1268</NAME>
	<OUTCOME>&apos;\&apos;(-inf-209.5]\&apos;&apos;</OUTCOME>
	<OUTCOME>&apos;\&apos;(209.5-inf)\&apos;&apos;</OUTCOME>
	<PROPERTY>position = (196,1632)</PROPERTY>
</VARIABLE>
<VARIABLE TYPE="nature">
	<NAME>X1269</NAME>
	<OUTCOME>&apos;\&apos;(-inf-66.5]\&apos;&apos;</OUTCOME>
	<OUTCOME>&apos;\&apos;(66.5-inf)\&apos;&apos;</OUTCOME>
	<PROPERTY>position = (539,1248)</PROPERTY>
</VARIABLE>
<VARIABLE TYPE="nature">
	<NAME>X1312</NAME>
	<OUTCOME>&apos;\&apos;(-inf-30]\&apos;&apos;</OUTCOME>
	<OUTCOME>&apos;\&apos;(30-205.5]\&apos;&apos;</OUTCOME>
	<OUTCOME>&apos;\&apos;(205.5-246.5]\&apos;&apos;</OUTCOME>
	<OUTCOME>&apos;\&apos;(246.5-inf)\&apos;&apos;</OUTCOME>
	<PROPERTY>position = (343,1728)</PROPERTY>
</VARIABLE>
<VARIABLE TYPE="nature">
	<NAME>X1313</NAME>
	<OUTCOME>&apos;\&apos;(-inf-23.5]\&apos;&apos;</OUTCOME>
	<OUTCOME>&apos;\&apos;(23.5-47.5]\&apos;&apos;</OUTCOME>
	<OUTCOME>&apos;\&apos;(47.5-233.5]\&apos;&apos;</OUTCOME>
	<OUTCOME>&apos;\&apos;(233.5-inf)\&apos;&apos;</OUTCOME>
	<PROPERTY>position = (294,1824)</PROPERTY>
</VARIABLE>
<VARIABLE TYPE="nature">
	<NAME>X1314</NAME>
	<OUTCOME>&apos;\&apos;(-inf-28.5]\&apos;&apos;</OUTCOME>
	<OUTCOME>&apos;\&apos;(28.5-106.5]\&apos;&apos;</OUTCOME>
	<OUTCOME>&apos;\&apos;(106.5-231.5]\&apos;&apos;</OUTCOME>
	<OUTCOME>&apos;\&apos;(231.5-inf)\&apos;&apos;</OUTCOME>
	<PROPERTY>position = (539,1920)</PROPERTY>
</VARIABLE>
<VARIABLE TYPE="nature">
	<NAME>X1315</NAME>
	<OUTCOME>&apos;\&apos;(-inf-104.5]\&apos;&apos;</OUTCOME>
	<OUTCOME>&apos;\&apos;(104.5-134.5]\&apos;&apos;</OUTCOME>
	<OUTCOME>&apos;\&apos;(134.5-234.5]\&apos;&apos;</OUTCOME>
	<OUTCOME>&apos;\&apos;(234.5-inf)\&apos;&apos;</OUTCOME>
	<PROPERTY>position = (539,2016)</PROPERTY>
</VARIABLE>
<VARIABLE TYPE="nature">
	<NAME>X1316</NAME>
	<OUTCOME>&apos;\&apos;(-inf-233.5]\&apos;&apos;</OUTCOME>
	<OUTCOME>&apos;\&apos;(233.5-inf)\&apos;&apos;</OUTCOME>
	<PROPERTY>position = (343,2112)</PROPERTY>
</VARIABLE>
<VARIABLE TYPE="nature">
	<NAME>X1317</NAME>
	<OUTCOME>&apos;\&apos;(-inf-88.5]\&apos;&apos;</OUTCOME>
	<OUTCOME>&apos;\&apos;(88.5-inf)\&apos;&apos;</OUTCOME>
	<PROPERTY>position = (490,1536)</PROPERTY>
</VARIABLE>
<VARIABLE TYPE="nature">
	<NAME>X1361</NAME>
	<OUTCOME>&apos;\&apos;(-inf-43.5]\&apos;&apos;</OUTCOME>
	<OUTCOME>&apos;\&apos;(43.5-232.5]\&apos;&apos;</OUTCOME>
	<OUTCOME>&apos;\&apos;(232.5-inf)\&apos;&apos;</OUTCOME>
	<PROPERTY>position = (392,2016)</PROPERTY>
</VARIABLE>
<VARIABLE TYPE="nature">
	<NAME>X1364</NAME>
	<OUTCOME>&apos;\&apos;(-inf-74.5]\&apos;&apos;</OUTCOME>
	<OUTCOME>&apos;\&apos;(74.5-114.5]\&apos;&apos;</OUTCOME>
	<OUTCOME>&apos;\&apos;(114.5-240.5]\&apos;&apos;</OUTCOME>
	<OUTCOME>&apos;\&apos;(240.5-inf)\&apos;&apos;</OUTCOME>
	<PROPERTY>position = (588,2112)</PROPERTY>
</VARIABLE>
<VARIABLE TYPE="nature">
	<NAME>X1365</NAME>
	<OUTCOME>&apos;\&apos;(-inf-64.5]\&apos;&apos;</OUTCOME>
	<OUTCOME>&apos;\&apos;(64.5-95.5]\&apos;&apos;</OUTCOME>
	<OUTCOME>&apos;\&apos;(95.5-241.5]\&apos;&apos;</OUTCOME>
	<OUTCOME>&apos;\&apos;(241.5-inf)\&apos;&apos;</OUTCOME>
	<PROPERTY>position = (490,2208)</PROPERTY>
</VARIABLE>
<VARIABLE TYPE="nature">
	<NAME>X1460</NAME>
	<OUTCOME>&apos;\&apos;All\&apos;&apos;</OUTCOME>
	<PROPERTY>position = (0,0)</PROPERTY>
</VARIABLE>
<VARIABLE TYPE="nature">
	<NAME>X1461</NAME>
	<OUTCOME>&apos;\&apos;(-inf-67.5]\&apos;&apos;</OUTCOME>
	<OUTCOME>&apos;\&apos;(67.5-inf)\&apos;&apos;</OUTCOME>
	<PROPERTY>position = (490,2304)</PROPERTY>
</VARIABLE>
<VARIABLE TYPE="nature">
	<NAME>X1506</NAME>
	<OUTCOME>&apos;\&apos;(-inf-198.5]\&apos;&apos;</OUTCOME>
	<OUTCOME>&apos;\&apos;(198.5-inf)\&apos;&apos;</OUTCOME>
	<PROPERTY>position = (98,1632)</PROPERTY>
</VARIABLE>
<VARIABLE TYPE="nature">
	<NAME>X1507</NAME>
	<OUTCOME>&apos;\&apos;(-inf-197.5]\&apos;&apos;</OUTCOME>
	<OUTCOME>&apos;\&apos;(197.5-inf)\&apos;&apos;</OUTCOME>
	<PROPERTY>position = (49,1728)</PROPERTY>
</VARIABLE>
<VARIABLE TYPE="nature">
	<NAME>X1508</NAME>
	<OUTCOME>&apos;\&apos;(-inf-200.5]\&apos;&apos;</OUTCOME>
	<OUTCOME>&apos;\&apos;(200.5-inf)\&apos;&apos;</OUTCOME>
	<PROPERTY>position = (98,1824)</PROPERTY>
</VARIABLE>
<VARIABLE TYPE="nature">
	<NAME>X1561</NAME>
	<OUTCOME>&apos;\&apos;(-inf-96.5]\&apos;&apos;</OUTCOME>
	<OUTCOME>&apos;\&apos;(96.5-248.5]\&apos;&apos;</OUTCOME>
	<OUTCOME>&apos;\&apos;(248.5-inf)\&apos;&apos;</OUTCOME>
	<PROPERTY>position = (833,1248)</PROPERTY>
</VARIABLE>
<VARIABLE TYPE="nature">
	<NAME>X1562</NAME>
	<OUTCOME>&apos;\&apos;(-inf-100.5]\&apos;&apos;</OUTCOME>
	<OUTCOME>&apos;\&apos;(100.5-249.5]\&apos;&apos;</OUTCOME>
	<OUTCOME>&apos;\&apos;(249.5-inf)\&apos;&apos;</OUTCOME>
	<PROPERTY>position = (539,2112)</PROPERTY>
</VARIABLE>
<VARIABLE TYPE="nature">
	<NAME>X1610</NAME>
	<OUTCOME>&apos;\&apos;(-inf-97.5]\&apos;&apos;</OUTCOME>
	<OUTCOME>&apos;\&apos;(97.5-223.5]\&apos;&apos;</OUTCOME>
	<OUTCOME>&apos;\&apos;(223.5-247.5]\&apos;&apos;</OUTCOME>
	<OUTCOME>&apos;\&apos;(247.5-inf)\&apos;&apos;</OUTCOME>
	<PROPERTY>position = (1029,1344)</PROPERTY>
</VARIABLE>
<VARIABLE TYPE="nature">
	<NAME>X1666</NAME>
	<OUTCOME>&apos;\&apos;(-inf-36.5]\&apos;&apos;</OUTCOME>
	<OUTCOME>&apos;\&apos;(36.5-inf)\&apos;&apos;</OUTCOME>
	<PROPERTY>position = (539,2400)</PROPERTY>
</VARIABLE>
<VARIABLE TYPE="nature">
	<NAME>X1667</NAME>
	<OUTCOME>&apos;\&apos;(-inf-33.5]\&apos;&apos;</OUTCOME>
	<OUTCOME>&apos;\&apos;(33.5-inf)\&apos;&apos;</OUTCOME>
	<PROPERTY>position = (490,2496)</PROPERTY>
</VARIABLE>
<VARIABLE TYPE="nature">
	<NAME>X1694</NAME>
	<OUTCOME>&apos;\&apos;(-inf-35.5]\&apos;&apos;</OUTCOME>
	<OUTCOME>&apos;\&apos;(35.5-144.5]\&apos;&apos;</OUTCOME>
	<OUTCOME>&apos;\&apos;(144.5-inf)\&apos;&apos;</OUTCOME>
	<PROPERTY>position = (490,2592)</PROPERTY>
</VARIABLE>
<VARIABLE TYPE="nature">
	<NAME>X1695</NAME>
	<OUTCOME>&apos;\&apos;(-inf-36.5]\&apos;&apos;</OUTCOME>
	<OUTCOME>&apos;\&apos;(36.5-inf)\&apos;&apos;</OUTCOME>
	<PROPERTY>position = (539,2688)</PROPERTY>
</VARIABLE>
<VARIABLE TYPE="nature">
	<NAME>X1713</NAME>
	<OUTCOME>&apos;\&apos;(-inf-35.5]\&apos;&apos;</OUTCOME>
	<OUTCOME>&apos;\&apos;(35.5-99.5]\&apos;&apos;</OUTCOME>
	<OUTCOME>&apos;\&apos;(99.5-inf)\&apos;&apos;</OUTCOME>
	<PROPERTY>position = (637,2496)</PROPERTY>
</VARIABLE>
<VARIABLE TYPE="nature">
	<NAME>X1714</NAME>
	<OUTCOME>&apos;\&apos;(-inf-32.5]\&apos;&apos;</OUTCOME>
	<OUTCOME>&apos;\&apos;(32.5-inf)\&apos;&apos;</OUTCOME>
	<PROPERTY>position = (686,2592)</PROPERTY>
</VARIABLE>
<VARIABLE TYPE="nature">
	<NAME>X1715</NAME>
	<OUTCOME>&apos;\&apos;(-inf-34.5]\&apos;&apos;</OUTCOME>
	<OUTCOME>&apos;\&apos;(34.5-inf)\&apos;&apos;</OUTCOME>
	<PROPERTY>position = (392,2688)</PROPERTY>
</VARIABLE>
<VARIABLE TYPE="nature">
	<NAME>X1742</NAME>
	<OUTCOME>&apos;\&apos;(-inf-34.5]\&apos;&apos;</OUTCOME>
	<OUTCOME>&apos;\&apos;(34.5-inf)\&apos;&apos;</OUTCOME>
	<PROPERTY>position = (343,2784)</PROPERTY>
</VARIABLE>
<VARIABLE TYPE="nature">
	<NAME>X1743</NAME>
	<OUTCOME>&apos;\&apos;(-inf-33.5]\&apos;&apos;</OUTCOME>
	<OUTCOME>&apos;\&apos;(33.5-inf)\&apos;&apos;</OUTCOME>
	<PROPERTY>position = (392,2880)</PROPERTY>
</VARIABLE>
<VARIABLE TYPE="nature">
	<NAME>X1744</NAME>
	<OUTCOME>&apos;\&apos;(-inf-36.5]\&apos;&apos;</OUTCOME>
	<OUTCOME>&apos;\&apos;(36.5-inf)\&apos;&apos;</OUTCOME>
	<PROPERTY>position = (441,2976)</PROPERTY>
</VARIABLE>
<VARIABLE TYPE="nature">
	<NAME>X1760</NAME>
	<OUTCOME>&apos;\&apos;(-inf-28.5]\&apos;&apos;</OUTCOME>
	<OUTCOME>&apos;\&apos;(28.5-106.5]\&apos;&apos;</OUTCOME>
	<OUTCOME>&apos;\&apos;(106.5-142.5]\&apos;&apos;</OUTCOME>
	<OUTCOME>&apos;\&apos;(142.5-inf)\&apos;&apos;</OUTCOME>
	<PROPERTY>position = (588,2688)</PROPERTY>
</VARIABLE>
<VARIABLE TYPE="nature">
	<NAME>X1761</NAME>
	<OUTCOME>&apos;\&apos;(-inf-30.5]\&apos;&apos;</OUTCOME>
	<OUTCOME>&apos;\&apos;(30.5-inf)\&apos;&apos;</OUTCOME>
	<PROPERTY>position = (637,2784)</PROPERTY>
</VARIABLE>
<VARIABLE TYPE="nature">
	<NAME>X1762</NAME>
	<OUTCOME>&apos;\&apos;(-inf-34.5]\&apos;&apos;</OUTCOME>
	<OUTCOME>&apos;\&apos;(34.5-168.5]\&apos;&apos;</OUTCOME>
	<OUTCOME>&apos;\&apos;(168.5-inf)\&apos;&apos;</OUTCOME>
	<PROPERTY>position = (392,2784)</PROPERTY>
</VARIABLE>
<VARIABLE TYPE="nature">
	<NAME>X2095</NAME>
	<OUTCOME>&apos;\&apos;(-inf-74.5]\&apos;&apos;</OUTCOME>
	<OUTCOME>&apos;\&apos;(74.5-inf)\&apos;&apos;</OUTCOME>
	<PROPERTY>position = (980,2592)</PROPERTY>
</VARIABLE>
<VARIABLE TYPE="nature">
	<NAME>X2096</NAME>
	<OUTCOME>&apos;\&apos;(-inf-103.5]\&apos;&apos;</OUTCOME>
	<OUTCOME>&apos;\&apos;(103.5-inf)\&apos;&apos;</OUTCOME>
	<PROPERTY>position = (882,2688)</PROPERTY>
</VARIABLE>
<VARIABLE TYPE="nature">
	<NAME>X2138</NAME>
	<OUTCOME>&apos;\&apos;(-inf-27.5]\&apos;&apos;</OUTCOME>
	<OUTCOME>&apos;\&apos;(27.5-63.5]\&apos;&apos;</OUTCOME>
	<OUTCOME>&apos;\&apos;(63.5-88.5]\&apos;&apos;</OUTCOME>
	<OUTCOME>&apos;\&apos;(88.5-164]\&apos;&apos;</OUTCOME>
	<OUTCOME>&apos;\&apos;(164-inf)\&apos;&apos;</OUTCOME>
	<PROPERTY>position = (1029,2688)</PROPERTY>
</VARIABLE>
<VARIABLE TYPE="nature">
	<NAME>X2139</NAME>
	<OUTCOME>&apos;\&apos;(-inf-22.5]\&apos;&apos;</OUTCOME>
	<OUTCOME>&apos;\&apos;(22.5-27.5]\&apos;&apos;</OUTCOME>
	<OUTCOME>&apos;\&apos;(27.5-81.5]\&apos;&apos;</OUTCOME>
	<OUTCOME>&apos;\&apos;(81.5-164.5]\&apos;&apos;</OUTCOME>
	<OUTCOME>&apos;\&apos;(164.5-inf)\&apos;&apos;</OUTCOME>
	<PROPERTY>position = (980,2784)</PROPERTY>
</VARIABLE>
<VARIABLE TYPE="nature">
	<NAME>X2140</NAME>
	<OUTCOME>&apos;\&apos;(-inf-20.5]\&apos;&apos;</OUTCOME>
	<OUTCOME>&apos;\&apos;(20.5-32.5]\&apos;&apos;</OUTCOME>
	<OUTCOME>&apos;\&apos;(32.5-68.5]\&apos;&apos;</OUTCOME>
	<OUTCOME>&apos;\&apos;(68.5-172.5]\&apos;&apos;</OUTCOME>
	<OUTCOME>&apos;\&apos;(172.5-inf)\&apos;&apos;</OUTCOME>
	<PROPERTY>position = (931,2880)</PROPERTY>
</VARIABLE>
<VARIABLE TYPE="nature">
	<NAME>X2165</NAME>
	<OUTCOME>&apos;\&apos;(-inf-66.5]\&apos;&apos;</OUTCOME>
	<OUTCOME>&apos;\&apos;(66.5-159]\&apos;&apos;</OUTCOME>
	<OUTCOME>&apos;\&apos;(159-254.5]\&apos;&apos;</OUTCOME>
	<OUTCOME>&apos;\&apos;(254.5-inf)\&apos;&apos;</OUTCOME>
	<PROPERTY>position = (882,2976)</PROPERTY>
</VARIABLE>
<VARIABLE TYPE="nature">
	<NAME>X2213</NAME>
	<OUTCOME>&apos;\&apos;(-inf-46.5]\&apos;&apos;</OUTCOME>
	<OUTCOME>&apos;\&apos;(46.5-81.5]\&apos;&apos;</OUTCOME>
	<OUTCOME>&apos;\&apos;(81.5-164.5]\&apos;&apos;</OUTCOME>
	<OUTCOME>&apos;\&apos;(164.5-254.5]\&apos;&apos;</OUTCOME>
	<OUTCOME>&apos;\&apos;(254.5-inf)\&apos;&apos;</OUTCOME>
	<PROPERTY>position = (931,3072)</PROPERTY>
</VARIABLE>
<VARIABLE TYPE="nature">
	<NAME>X2214</NAME>
	<OUTCOME>&apos;\&apos;(-inf-70.5]\&apos;&apos;</OUTCOME>
	<OUTCOME>&apos;\&apos;(70.5-157.5]\&apos;&apos;</OUTCOME>
	<OUTCOME>&apos;\&apos;(157.5-254.5]\&apos;&apos;</OUTCOME>
	<OUTCOME>&apos;\&apos;(254.5-inf)\&apos;&apos;</OUTCOME>
	<PROPERTY>position = (735,3168)</PROPERTY>
</VARIABLE>
<VARIABLE TYPE="nature">
	<NAME>X2215</NAME>
	<OUTCOME>&apos;\&apos;(-inf-79.5]\&apos;&apos;</OUTCOME>
	<OUTCOME>&apos;\&apos;(79.5-inf)\&apos;&apos;</OUTCOME>
	<PROPERTY>position = (833,3264)</PROPERTY>
</VARIABLE>
<VARIABLE TYPE="nature">
	<NAME>X2260</NAME>
	<OUTCOME>&apos;\&apos;(-inf-74.5]\&apos;&apos;</OUTCOME>
	<OUTCOME>&apos;\&apos;(74.5-inf)\&apos;&apos;</OUTCOME>
	<PROPERTY>position = (784,3168)</PROPERTY>
</VARIABLE>
<VARIABLE TYPE="nature">
	<NAME>X2261</NAME>
	<OUTCOME>&apos;\&apos;(-inf-68.5]\&apos;&apos;</OUTCOME>
	<OUTCOME>&apos;\&apos;(68.5-239.5]\&apos;&apos;</OUTCOME>
	<OUTCOME>&apos;\&apos;(239.5-254.5]\&apos;&apos;</OUTCOME>
	<OUTCOME>&apos;\&apos;(254.5-inf)\&apos;&apos;</OUTCOME>
	<PROPERTY>position = (784,3264)</PROPERTY>
</VARIABLE>
<VARIABLE TYPE="nature">
	<NAME>X2262</NAME>
	<OUTCOME>&apos;\&apos;(-inf-72.5]\&apos;&apos;</OUTCOME>
	<OUTCOME>&apos;\&apos;(72.5-158.5]\&apos;&apos;</OUTCOME>
	<OUTCOME>&apos;\&apos;(158.5-254.5]\&apos;&apos;</OUTCOME>
	<OUTCOME>&apos;\&apos;(254.5-inf)\&apos;&apos;</OUTCOME>
	<PROPERTY>position = (735,3360)</PROPERTY>
</VARIABLE>
<VARIABLE TYPE="nature">
	<NAME>X2263</NAME>
	<OUTCOME>&apos;\&apos;(-inf-55.5]\&apos;&apos;</OUTCOME>
	<OUTCOME>&apos;\&apos;(55.5-81.5]\&apos;&apos;</OUTCOME>
	<OUTCOME>&apos;\&apos;(81.5-inf)\&apos;&apos;</OUTCOME>
	<PROPERTY>position = (882,3360)</PROPERTY>
</VARIABLE>
<VARIABLE TYPE="nature">
	<NAME>X2264</NAME>
	<OUTCOME>&apos;\&apos;(-inf-54.5]\&apos;&apos;</OUTCOME>
	<OUTCOME>&apos;\&apos;(54.5-81.5]\&apos;&apos;</OUTCOME>
	<OUTCOME>&apos;\&apos;(81.5-161.5]\&apos;&apos;</OUTCOME>
	<OUTCOME>&apos;\&apos;(161.5-254.5]\&apos;&apos;</OUTCOME>
	<OUTCOME>&apos;\&apos;(254.5-inf)\&apos;&apos;</OUTCOME>
	<PROPERTY>position = (784,3456)</PROPERTY>
</VARIABLE>
<VARIABLE TYPE="nature">
	<NAME>LABEL</NAME>
	<OUTCOME>0</OUTCOME>
	<OUTCOME>1</OUTCOME>
	<PROPERTY>position = (294,0)</PROPERTY>
</VARIABLE>
<DEFINITION>
<FOR>X744</FOR>
	<GIVEN>LABEL</GIVEN>
<TABLE>
0.03537735849056604 0.6674528301886793 0.294811320754717 0.0023584905660377358 
0.2373987398739874 0.5150765076507651 0.05423042304230423 0.1932943294329433 
</TABLE>
</DEFINITION>
<DEFINITION>
<FOR>X745</FOR>
	<GIVEN>X744</GIVEN>
<TABLE>
0.9692164179104478 0.028917910447761194 9.328358208955224E-4 9.328358208955224E-4 
0.008935508935508936 0.9879564879564879 0.0027195027195027195 3.885003885003885E-4 
0.002717391304347826 0.23097826086956522 0.654891304347826 0.11141304347826086 
0.001160092807424594 0.001160092807424594 0.015081206496519721 0.9825986078886311 
</TABLE>
</DEFINITION>
<DEFINITION>
<FOR>X792</FOR>
	<GIVEN>X745</GIVEN>
	<GIVEN>X744</GIVEN>
<TABLE>
0.8811121764141898 0.11601150527325024 9.587727708533077E-4 9.587727708533077E-4 9.587727708533077E-4 
0.25925925925925924 0.6296296296296297 0.037037037037037035 0.037037037037037035 0.037037037037037035 
0.2 0.2 0.2 0.2 0.2 
0.2 0.2 0.2 0.2 0.2 
0.08571428571428572 0.8285714285714286 0.02857142857142857 0.02857142857142857 0.02857142857142857 
0.0035335689045936395 0.9764428739693758 0.012956419316843345 0.0019630938358853552 0.005104043973301924 
0.011235955056179775 0.5955056179775281 0.30337078651685395 0.056179775280898875 0.033707865168539325 
0.2 0.2 0.2 0.2 0.2 
0.2 0.2 0.2 0.2 0.2 
0.09090909090909091 0.09090909090909091 0.09090909090909091 0.09090909090909091 0.6363636363636364 
0.004081632653061225 0.044897959183673466 0.7306122448979592 0.09387755102040816 0.12653061224489795 
0.058823529411764705 0.058823529411764705 0.17647058823529413 0.4117647058823529 0.29411764705882354 
0.2 0.2 0.2 0.2 0.2 
0.2 0.2 0.2 0.2 0.2 
0.022222222222222223 0.06666666666666667 0.24444444444444444 0.37777777777777777 0.28888888888888886 
0.0011750881316098707 0.005875440658049354 0.01762632197414806 0.05052878965922444 0.9247943595769683 
</TABLE>
</DEFINITION>
<DEFINITION>
<FOR>X793</FOR>
	<GIVEN>X792</GIVEN>
	<GIVEN>X744</GIVEN>
<TABLE>
0.9567567567567568 0.04 0.001081081081081081 0.001081081081081081 0.001081081081081081 
0.47368421052631576 0.3684210526315789 0.05263157894736842 0.05263157894736842 0.05263157894736842 
0.2 0.2 0.2 0.2 0.2 
0.2 0.2 0.2 0.2 0.2 
0.006535947712418301 0.9738562091503268 0.006535947712418301 0.006535947712418301 0.006535947712418301 
0.01316314319904268 0.981651376146789 0.0043877143996808934 3.9888312724371757E-4 3.9888312724371757E-4 
0.014492753623188406 0.7391304347826086 0.21739130434782608 0.014492753623188406 0.014492753623188406 
0.1111111111111111 0.3333333333333333 0.3333333333333333 0.1111111111111111 0.1111111111111111 
0.2 0.2 0.2 0.2 0.2 
0.02702702702702703 0.08108108108108109 0.7837837837837838 0.08108108108108109 0.02702702702702703 
0.0045662100456621 0.1050228310502283 0.771689497716895 0.1141552511415525 0.0045662100456621 
0.047619047619047616 0.23809523809523808 0.23809523809523808 0.3333333333333333 0.14285714285714285 
0.2 0.2 0.2 0.2 0.2 
0.1111111111111111 0.1111111111111111 0.3333333333333333 0.3333333333333333 0.1111111111111111 
0.02127659574468085 0.02127659574468085 0.10638297872340426 0.7446808510638298 0.10638297872340426 
0.018867924528301886 0.09433962264150944 0.2830188679245283 0.20754716981132076 0.39622641509433965 
0.2 0.2 0.2 0.2 0.2 
0.043478260869565216 0.043478260869565216 0.043478260869565216 0.13043478260869565 0.7391304347826086 
0.02040816326530612 0.02040816326530612 0.02040816326530612 0.14285714285714285 0.7959183673469388 
0.0012578616352201257 0.0037735849056603774 0.016352201257861635 0.033962264150943396 0.9446540880503145 
</TABLE>
</DEFINITION>
<DEFINITION>
<FOR>X794</FOR>
	<GIVEN>X793</GIVEN>
<TABLE>
0.9795258620689655 0.018318965517241378 0.0010775862068965517 0.0010775862068965517 
0.03686131386861314 0.9434306569343066 0.019343065693430656 3.64963503649635E-4 
0.003816793893129771 0.2480916030534351 0.7366412213740458 0.011450381679389313 
0.008620689655172414 0.09482758620689655 0.6293103448275862 0.2672413793103448 
0.001199040767386091 0.025179856115107913 0.07793764988009592 0.89568345323741 
</TABLE>
</DEFINITION>
<DEFINITION>
<FOR>X795</FOR>
	<GIVEN>X794</GIVEN>
	<GIVEN>X792</GIVEN>
<TABLE>
0.9977349943374858 0.0011325028312570782 0.0011325028312570782 
0.968503937007874 0.023622047244094488 0.007874015748031496 
0.6 0.2 0.2 
0.3333333333333333 0.3333333333333333 0.3333333333333333 
0.6 0.2 0.2 
0.8947368421052632 0.08771929824561403 0.017543859649122806 
0.19113573407202217 0.8084685397704788 3.957261574990107E-4 
0.16923076923076924 0.8153846153846154 0.015384615384615385 
0.05263157894736842 0.8947368421052632 0.05263157894736842 
0.5609756097560976 0.4146341463414634 0.024390243902439025 
0.3333333333333333 0.3333333333333333 0.3333333333333333 
0.014084507042253521 0.971830985915493 0.014084507042253521 
0.005291005291005291 0.9682539682539683 0.026455026455026454 
0.024390243902439025 0.7560975609756098 0.21951219512195122 
0.03296703296703297 0.9340659340659341 0.03296703296703297 
0.3333333333333333 0.3333333333333333 0.3333333333333333 
0.2 0.2 0.6 
0.06666666666666667 0.3333333333333333 0.6 
0.023255813953488372 0.3023255813953488 0.6744186046511628 
0.001375515818431912 0.12242090784044017 0.8762035763411279 
</TABLE>
</DEFINITION>
<DEFINITION>
<FOR>X841</FOR>
	<GIVEN>X794</GIVEN>
	<GIVEN>X793</GIVEN>
<TABLE>
0.8892543859649122 0.10855263157894737 0.0010964912280701754 0.0010964912280701754 
0.6442307692307693 0.33653846153846156 0.009615384615384616 0.009615384615384616 
0.25 0.25 0.25 0.25 
0.25 0.25 0.25 0.25 
0.25 0.25 0.25 0.25 
0.35 0.55 0.05 0.05 
0.013523956723338485 0.9748840803709428 0.00811437403400309 0.0034775888717156105 
0.014705882352941176 0.7794117647058824 0.16176470588235295 0.04411764705882353 
0.07142857142857142 0.6428571428571429 0.21428571428571427 0.07142857142857142 
0.041666666666666664 0.7916666666666666 0.125 0.041666666666666664 
0.25 0.25 0.25 0.25 
0.017857142857142856 0.7321428571428571 0.19642857142857142 0.05357142857142857 
0.015306122448979591 0.20918367346938777 0.7091836734693877 0.0663265306122449 
0.013157894736842105 0.09210526315789473 0.7763157894736842 0.11842105263157894 
0.014705882352941176 0.22058823529411764 0.45588235294117646 0.3088235294117647 
0.25 0.25 0.25 0.25 
0.25 0.25 0.25 0.25 
0.16666666666666666 0.5 0.16666666666666666 0.16666666666666666 
0.029411764705882353 0.20588235294117646 0.5 0.2647058823529412 
0.0013333333333333333 0.02266666666666667 0.06 0.916 
</TABLE>
</DEFINITION>
<DEFINITION>
<FOR>X842</FOR>
	<GIVEN>X795</GIVEN>
	<GIVEN>X841</GIVEN>
<TABLE>
0.9955898566703418 0.0033076074972436605 0.0011025358324145535 
0.8146487294469357 0.18385650224215247 0.0014947683109118087 
0.6 0.2 0.2 
0.3333333333333333 0.3333333333333333 0.3333333333333333 
0.7647058823529411 0.17647058823529413 0.058823529411764705 
0.09757214841960604 0.901969766376546 4.580852038479157E-4 
0.010830324909747292 0.9855595667870036 0.0036101083032490976 
0.007407407407407408 0.674074074074074 0.31851851851851853 
0.3333333333333333 0.3333333333333333 0.3333333333333333 
0.043478260869565216 0.9130434782608695 0.043478260869565216 
0.017543859649122806 0.7543859649122807 0.22807017543859648 
0.0016207455429497568 0.1507293354943274 0.8476499189627229 
</TABLE>
</DEFINITION>
<DEFINITION>
<FOR>X935</FOR>
	<GIVEN>X792</GIVEN>
	<GIVEN>X841</GIVEN>
<TABLE>
0.998730964467005 0.0012690355329949238 
0.9933333333333333 0.006666666666666667 
0.5 0.5 
0.5 0.5 
0.9921875 0.0078125 
0.9980361351139042 0.0019638648860958365 
0.8055555555555556 0.19444444444444445 
0.1875 0.8125 
0.75 0.25 
0.9878048780487805 0.012195121951219513 
0.9705882352941176 0.029411764705882353 
0.35714285714285715 0.6428571428571429 
0.75 0.25 
0.5909090909090909 0.4090909090909091 
0.98 0.02 
0.7307692307692307 0.2692307692307692 
0.75 0.25 
0.40789473684210525 0.5921052631578947 
0.524390243902439 0.47560975609756095 
0.3022922636103152 0.6977077363896849 
</TABLE>
</DEFINITION>
<DEFINITION>
<FOR>X982</FOR>
	<GIVEN>X792</GIVEN>
	<GIVEN>X935</GIVEN>
<TABLE>
0.9861111111111112 0.013888888888888888 
0.5 0.5 
0.9603409933283914 0.0396590066716086 
0.041666666666666664 0.9583333333333334 
0.9246031746031746 0.07539682539682539 
0.07142857142857142 0.9285714285714286 
0.7926829268292683 0.2073170731707317 
0.0625 0.9375 
0.5909090909090909 0.4090909090909091 
0.24035087719298245 0.7596491228070176 
</TABLE>
</DEFINITION>
<DEFINITION>
<FOR>X983</FOR>
	<GIVEN>X935</GIVEN>
	<GIVEN>X982</GIVEN>
<TABLE>
0.9876822523881348 0.012317747611865259 
0.7444444444444445 0.25555555555555554 
0.09420289855072464 0.9057971014492754 
0.002074688796680498 0.9979253112033195 
</TABLE>
</DEFINITION>
<DEFINITION>
<FOR>X1025</FOR>
	<GIVEN>X792</GIVEN>
	<GIVEN>X842</GIVEN>
<TABLE>
0.7684449489216799 0.2304199772985244 0.0011350737797956867 
0.11864406779661017 0.864406779661017 0.01694915254237288 
0.3333333333333333 0.3333333333333333 0.3333333333333333 
0.09825033647375504 0.8977119784656796 0.004037685060565276 
0.03304524656837824 0.9644128113879004 0.002541942043721403 
0.058823529411764705 0.7647058823529411 0.17647058823529413 
0.05263157894736842 0.6842105263157895 0.2631578947368421 
0.004329004329004329 0.9567099567099567 0.03896103896103896 
0.047619047619047616 0.6190476190476191 0.3333333333333333 
0.1111111111111111 0.1111111111111111 0.7777777777777778 
0.015384615384615385 0.6 0.38461538461538464 
0.034482758620689655 0.8620689655172413 0.10344827586206896 
0.02702702702702703 0.02702702702702703 0.9459459459459459 
0.0033003300330033004 0.24752475247524752 0.7491749174917491 
0.0019193857965451055 0.46257197696737046 0.5355086372360844 
</TABLE>
</DEFINITION>
<DEFINITION>
<FOR>X1026</FOR>
	<GIVEN>X1025</GIVEN>
	<GIVEN>X745</GIVEN>
<TABLE>
0.9971387696709585 0.001430615164520744 0.001430615164520744 
0.84 0.152 0.008 
0.3333333333333333 0.3333333333333333 0.3333333333333333 
0.3333333333333333 0.3333333333333333 0.3333333333333333 
0.667574931880109 0.329700272479564 0.0027247956403269754 
0.09996048992493085 0.8988542078229949 0.001185302252074279 
0.012552301255230125 0.9665271966527197 0.02092050209205021 
0.003115264797507788 0.7881619937694704 0.2087227414330218 
0.3333333333333333 0.3333333333333333 0.3333333333333333 
0.1111111111111111 0.7777777777777778 0.1111111111111111 
0.04 0.44 0.52 
0.0017513134851138354 0.08581436077057793 0.9124343257443083 
</TABLE>
</DEFINITION>
<DEFINITION>
<FOR>X1030</FOR>
	<GIVEN>X982</GIVEN>
	<GIVEN>X744</GIVEN>
<TABLE>
0.9990366088631984 9.633911368015414E-4 
0.9971264367816092 0.0028735632183908046 
0.9711538461538461 0.028846153846153848 
0.9610778443113772 0.038922155688622756 
0.8529411764705882 0.14705882352941177 
0.45652173913043476 0.5434782608695652 
0.23214285714285715 0.7678571428571429 
0.17992424242424243 0.8200757575757576 
</TABLE>
</DEFINITION>
<DEFINITION>
<FOR>X1031</FOR>
	<GIVEN>X983</GIVEN>
	<GIVEN>X744</GIVEN>
<TABLE>
0.9971910112359551 0.0028089887640449437 
0.9875801282051282 0.012419871794871794 
0.9123376623376623 0.08766233766233766 
0.7717391304347826 0.22826086956521738 
0.75 0.25 
0.08974358974358974 0.9102564102564102 
0.05 0.95 
0.01877133105802048 0.9812286689419796 
</TABLE>
</DEFINITION>
<DEFINITION>
<FOR>X1072</FOR>
	<GIVEN>X744</GIVEN>
	<GIVEN>X1025</GIVEN>
<TABLE>
0.9885222381635581 0.010043041606886656 0.0014347202295552368 
0.5543766578249337 0.44297082228116713 0.002652519893899204 
0.3333333333333333 0.3333333333333333 0.3333333333333333 
0.41732283464566927 0.5748031496062992 0.007874015748031496 
0.017615731257681278 0.9803359278984023 0.0020483408439164277 
0.09090909090909091 0.6363636363636364 0.2727272727272727 
0.3333333333333333 0.3333333333333333 0.3333333333333333 
0.0029154518950437317 0.9008746355685131 0.09620991253644315 
0.037037037037037035 0.48148148148148145 0.48148148148148145 
0.3333333333333333 0.3333333333333333 0.3333333333333333 
0.003367003367003367 0.5757575757575758 0.4208754208754209 
0.001763668430335097 0.03350970017636684 0.9647266313932981 
</TABLE>
</DEFINITION>
<DEFINITION>
<FOR>X1073</FOR>
	<GIVEN>X1072</GIVEN>
	<GIVEN>X1026</GIVEN>
<TABLE>
0.8868335146898803 0.11207834602829161 0.001088139281828074 
0.03896103896103896 0.948051948051948 0.012987012987012988 
0.3333333333333333 0.3333333333333333 0.3333333333333333 
0.10649350649350649 0.8909090909090909 0.0025974025974025974 
0.0018294914013904135 0.9824368825466521 0.015733626051957557 
0.024390243902439025 0.2682926829268293 0.7073170731707317 
0.3333333333333333 0.3333333333333333 0.3333333333333333 
0.006369426751592357 0.4012738853503185 0.5923566878980892 
0.0017574692442882249 0.033391915641476276 0.9648506151142355 
</TABLE>
</DEFINITION>
<DEFINITION>
<FOR>X1074</FOR>
	<GIVEN>X1073</GIVEN>
	<GIVEN>X793</GIVEN>
<TABLE>
0.9844357976653697 0.014267185473411154 0.0012970168612191958 
0.6842105263157895 0.30526315789473685 0.010526315789473684 
0.3333333333333333 0.3333333333333333 0.3333333333333333 
0.3333333333333333 0.3333333333333333 0.3333333333333333 
0.3333333333333333 0.3333333333333333 0.3333333333333333 
0.48427672955974843 0.5094339622641509 0.006289308176100629 
0.027703984819734344 0.971157495256167 0.0011385199240986717 
0.004219409282700422 0.9831223628691983 0.012658227848101266 
0.012345679012345678 0.9753086419753086 0.012345679012345678 
0.0051813471502590676 0.7927461139896373 0.20207253886010362 
0.3333333333333333 0.3333333333333333 0.3333333333333333 
0.06666666666666667 0.7333333333333333 0.2 
0.037037037037037035 0.48148148148148145 0.48148148148148145 
0.02702702702702703 0.5135135135135135 0.4594594594594595 
0.0015552099533437014 0.11975116640746501 0.8786936236391913 
</TABLE>
</DEFINITION>
<DEFINITION>
<FOR>X1086</FOR>
	<GIVEN>X745</GIVEN>
	<GIVEN>X1026</GIVEN>
<TABLE>
0.9819915254237288 0.015889830508474576 0.001059322033898305 0.001059322033898305 
0.4435483870967742 0.5403225806451613 0.008064516129032258 0.008064516129032258 
0.25 0.25 0.25 0.25 
0.49722222222222223 0.49722222222222223 0.002777777777777778 0.002777777777777778 
0.08036490008688098 0.9083405734144222 0.00999131190269331 0.0013032145960034753 
0.16666666666666666 0.5 0.16666666666666666 0.16666666666666666 
0.16666666666666666 0.16666666666666666 0.5 0.16666666666666666 
0.004098360655737705 0.42213114754098363 0.4959016393442623 0.0778688524590164 
0.05 0.25 0.25 0.45 
0.25 0.25 0.25 0.25 
0.003289473684210526 0.3782894736842105 0.24013157894736842 0.3782894736842105 
0.001694915254237288 0.05593220338983051 0.03559322033898305 0.9067796610169492 
</TABLE>
</DEFINITION>
<DEFINITION>
<FOR>X1119</FOR>
	<GIVEN>X744</GIVEN>
	<GIVEN>X1072</GIVEN>
<TABLE>
0.9366666666666666 0.06111111111111111 0.0011111111111111111 0.0011111111111111111 
0.2784090909090909 0.7102272727272727 0.005681818181818182 0.005681818181818182 
0.25 0.25 0.25 0.25 
0.37755102040816324 0.5816326530612245 0.030612244897959183 0.01020408163265306 
0.02465642683912692 0.8249797898140663 0.1475343573160873 0.0028294260307194824 
0.1 0.1 0.7 0.1 
0.25 0.25 0.25 0.25 
0.015432098765432098 0.12654320987654322 0.7623456790123457 0.09567901234567901 
0.020833333333333332 0.020833333333333332 0.4375 0.5208333333333334 
0.25 0.25 0.25 0.25 
0.005208333333333333 0.057291666666666664 0.4427083333333333 0.4947916666666667 
0.001483679525222552 0.001483679525222552 0.04599406528189911 0.9510385756676558 
</TABLE>
</DEFINITION>
<DEFINITION>
