<?xml version="1.0"?>
<!-- DTD for the XMLBIF 0.3 format -->
<!DOCTYPE BIF [
	<!ELEMENT BIF ( NETWORK )*>
	      <!ATTLIST BIF VERSION CDATA #REQUIRED>
	<!ELEMENT NETWORK ( NAME, ( PROPERTY | VARIABLE | DEFINITION )* )>
	<!ELEMENT NAME (#PCDATA)>
	<!ELEMENT VARIABLE ( NAME, ( OUTCOME |  PROPERTY )* ) >
	      <!ATTLIST VARIABLE TYPE (nature|decision|utility) "nature">
	<!ELEMENT OUTCOME (#PCDATA)>
	<!ELEMENT DEFINITION ( FOR | GIVEN | TABLE | PROPERTY )* >
	<!ELEMENT FOR (#PCDATA)>
	<!ELEMENT GIVEN (#PCDATA)>
	<!ELEMENT TABLE (#PCDATA)>
	<!ELEMENT PROPERTY (#PCDATA)>
]>


<BIF VERSION="0.3">
<NETWORK>
<NAME>&apos;x_train_smpl_bin-weka.filters.unsupervised.attribute.NumericToNominal-Rlast-weka.filters.unsupervised.instance.Randomize-S42-weka.filters.unsupervised.attribute.Remove-R1-744,747-792,797-841,844-935,937-982,985-1025,1028-1030,1033-1072,1076-1086,1088-1119,1123-1134,1136-1167,1170-1171,1173-1182,1184-1215,1221-1263,1265,1268,1271-1312,1319-1361,1363-1364,1367-1460,1463-1506,1510-1561,1564-1610,1612-1666,1669-1694,1697-1713,1717-1742,1746-1760,1764-2095,2098-2138,2142-2165,2167-2213,2217-2260,2266-2304-weka.filters.supervised.attribute.Discretize-Rfirst-last-precision6-weka.filters.unsupervised.attribute.ReplaceMissingValues&apos;</NAME>
<VARIABLE TYPE="nature">
	<NAME>X744</NAME>
	<OUTCOME>&apos;\&apos;(-inf-102.5]\&apos;&apos;</OUTCOME>
	<OUTCOME>&apos;\&apos;(102.5-226.5]\&apos;&apos;</OUTCOME>
	<OUTCOME>&apos;\&apos;(226.5-252.5]\&apos;&apos;</OUTCOME>
	<OUTCOME>&apos;\&apos;(252.5-inf)\&apos;&apos;</OUTCOME>
	<PROPERTY>position = (1225,384)</PROPERTY>
</VARIABLE>
<VARIABLE TYPE="nature">
	<NAME>X745</NAME>
	<OUTCOME>&apos;\&apos;(-inf-102.5]\&apos;&apos;</OUTCOME>
	<OUTCOME>&apos;\&apos;(102.5-232.5]\&apos;&apos;</OUTCOME>
	<OUTCOME>&apos;\&apos;(232.5-251.5]\&apos;&apos;</OUTCOME>
	<OUTCOME>&apos;\&apos;(251.5-inf)\&apos;&apos;</OUTCOME>
	<PROPERTY>position = (1617,480)</PROPERTY>
</VARIABLE>
<VARIABLE TYPE="nature">
	<NAME>X792</NAME>
	<OUTCOME>&apos;\&apos;(-inf-102.5]\&apos;&apos;</OUTCOME>
	<OUTCOME>&apos;\&apos;(102.5-230.5]\&apos;&apos;</OUTCOME>
	<OUTCOME>&apos;\&apos;(230.5-248.5]\&apos;&apos;</OUTCOME>
	<OUTCOME>&apos;\&apos;(248.5-253.5]\&apos;&apos;</OUTCOME>
	<OUTCOME>&apos;\&apos;(253.5-inf)\&apos;&apos;</OUTCOME>
	<PROPERTY>position = (1617,576)</PROPERTY>
</VARIABLE>
<VARIABLE TYPE="nature">
	<NAME>X793</NAME>
	<OUTCOME>&apos;\&apos;(-inf-99.5]\&apos;&apos;</OUTCOME>
	<OUTCOME>&apos;\&apos;(99.5-230.5]\&apos;&apos;</OUTCOME>
	<OUTCOME>&apos;\&apos;(230.5-246.5]\&apos;&apos;</OUTCOME>
	<OUTCOME>&apos;\&apos;(246.5-252.5]\&apos;&apos;</OUTCOME>
	<OUTCOME>&apos;\&apos;(252.5-inf)\&apos;&apos;</OUTCOME>
	<PROPERTY>position = (1372,672)</PROPERTY>
</VARIABLE>
<VARIABLE TYPE="nature">
	<NAME>X794</NAME>
	<OUTCOME>&apos;\&apos;(-inf-99.5]\&apos;&apos;</OUTCOME>
	<OUTCOME>&apos;\&apos;(99.5-225.5]\&apos;&apos;</OUTCOME>
	<OUTCOME>&apos;\&apos;(225.5-250.5]\&apos;&apos;</OUTCOME>
	<OUTCOME>&apos;\&apos;(250.5-inf)\&apos;&apos;</OUTCOME>
	<PROPERTY>position = (1372,768)</PROPERTY>
</VARIABLE>
<VARIABLE TYPE="nature">
	<NAME>X795</NAME>
	<OUTCOME>&apos;\&apos;(-inf-113.5]\&apos;&apos;</OUTCOME>
	<OUTCOME>&apos;\&apos;(113.5-248.5]\&apos;&apos;</OUTCOME>
	<OUTCOME>&apos;\&apos;(248.5-inf)\&apos;&apos;</OUTCOME>
	<PROPERTY>position = (686,864)</PROPERTY>
</VARIABLE>
<VARIABLE TYPE="nature">
	<NAME>X841</NAME>
	<OUTCOME>&apos;\&apos;(-inf-97.5]\&apos;&apos;</OUTCOME>
	<OUTCOME>&apos;\&apos;(97.5-229.5]\&apos;&apos;</OUTCOME>
	<OUTCOME>&apos;\&apos;(229.5-251.5]\&apos;&apos;</OUTCOME>
	<OUTCOME>&apos;\&apos;(251.5-inf)\&apos;&apos;</OUTCOME>
	<PROPERTY>position = (1470,864)</PROPERTY>
</VARIABLE>
<VARIABLE TYPE="nature">
	<NAME>X842</NAME>
	<OUTCOME>&apos;\&apos;(-inf-113.5]\&apos;&apos;</OUTCOME>
	<OUTCOME>&apos;\&apos;(113.5-248.5]\&apos;&apos;</OUTCOME>
	<OUTCOME>&apos;\&apos;(248.5-inf)\&apos;&apos;</OUTCOME>
	<PROPERTY>position = (1176,960)</PROPERTY>
</VARIABLE>
<VARIABLE TYPE="nature">
	<NAME>X935</NAME>
	<OUTCOME>&apos;\&apos;(-inf-239.5]\&apos;&apos;</OUTCOME>
	<OUTCOME>&apos;\&apos;(239.5-inf)\&apos;&apos;</OUTCOME>
	<PROPERTY>position = (343,576)</PROPERTY>
</VARIABLE>
<VARIABLE TYPE="nature">
	<NAME>X982</NAME>
	<OUTCOME>&apos;\&apos;(-inf-163.5]\&apos;&apos;</OUTCOME>
	<OUTCOME>&apos;\&apos;(163.5-inf)\&apos;&apos;</OUTCOME>
	<PROPERTY>position = (686,576)</PROPERTY>
</VARIABLE>
<VARIABLE TYPE="nature">
	<NAME>X983</NAME>
	<OUTCOME>&apos;\&apos;(-inf-208.5]\&apos;&apos;</OUTCOME>
	<OUTCOME>&apos;\&apos;(208.5-inf)\&apos;&apos;</OUTCOME>
	<PROPERTY>position = (588,480)</PROPERTY>
</VARIABLE>
<VARIABLE TYPE="nature">
	<NAME>X1025</NAME>
	<OUTCOME>&apos;\&apos;(-inf-73.5]\&apos;&apos;</OUTCOME>
	<OUTCOME>&apos;\&apos;(73.5-246.5]\&apos;&apos;</OUTCOME>
	<OUTCOME>&apos;\&apos;(246.5-inf)\&apos;&apos;</OUTCOME>
	<PROPERTY>position = (196,480)</PROPERTY>
</VARIABLE>
<VARIABLE TYPE="nature">
	<NAME>X1026</NAME>
	<OUTCOME>&apos;\&apos;(-inf-99.5]\&apos;&apos;</OUTCOME>
	<OUTCOME>&apos;\&apos;(99.5-246.5]\&apos;&apos;</OUTCOME>
	<OUTCOME>&apos;\&apos;(246.5-inf)\&apos;&apos;</OUTCOME>
	<PROPERTY>position = (245,480)</PROPERTY>
</VARIABLE>
<VARIABLE TYPE="nature">
	<NAME>X1030</NAME>
	<OUTCOME>&apos;\&apos;(-inf-169.5]\&apos;&apos;</OUTCOME>
	<OUTCOME>&apos;\&apos;(169.5-inf)\&apos;&apos;</OUTCOME>
	<PROPERTY>position = (784,672)</PROPERTY>
</VARIABLE>
<VARIABLE TYPE="nature">
	<NAME>X1031</NAME>
	<OUTCOME>&apos;\&apos;(-inf-190.5]\&apos;&apos;</OUTCOME>
	<OUTCOME>&apos;\&apos;(190.5-inf)\&apos;&apos;</OUTCOME>
	<PROPERTY>position = (539,384)</PROPERTY>
</VARIABLE>
<VARIABLE TYPE="nature">
	<NAME>X1072</NAME>
	<OUTCOME>&apos;\&apos;(-inf-91.5]\&apos;&apos;</OUTCOME>
	<OUTCOME>&apos;\&apos;(91.5-247.5]\&apos;&apos;</OUTCOME>
	<OUTCOME>&apos;\&apos;(247.5-inf)\&apos;&apos;</OUTCOME>
	<PROPERTY>position = (98,384)</PROPERTY>
</VARIABLE>
<VARIABLE TYPE="nature">
	<NAME>X1073</NAME>
	<OUTCOME>&apos;\&apos;(-inf-86.5]\&apos;&apos;</OUTCOME>
	<OUTCOME>&apos;\&apos;(86.5-246.5]\&apos;&apos;</OUTCOME>
	<OUTCOME>&apos;\&apos;(246.5-inf)\&apos;&apos;</OUTCOME>
	<PROPERTY>position = (294,384)</PROPERTY>
</VARIABLE>
<VARIABLE TYPE="nature">
	<NAME>X1074</NAME>
	<OUTCOME>&apos;\&apos;(-inf-91.5]\&apos;&apos;</OUTCOME>
	<OUTCOME>&apos;\&apos;(91.5-246.5]\&apos;&apos;</OUTCOME>
	<OUTCOME>&apos;\&apos;(246.5-inf)\&apos;&apos;</OUTCOME>
	<PROPERTY>position = (343,480)</PROPERTY>
</VARIABLE>
<VARIABLE TYPE="nature">
	<NAME>X1086</NAME>
	<OUTCOME>&apos;\&apos;(-inf-102.5]\&apos;&apos;</OUTCOME>
	<OUTCOME>&apos;\&apos;(102.5-226.5]\&apos;&apos;</OUTCOME>
	<OUTCOME>&apos;\&apos;(226.5-244.5]\&apos;&apos;</OUTCOME>
	<OUTCOME>&apos;\&apos;(244.5-inf)\&apos;&apos;</OUTCOME>
	<PROPERTY>position = (1078,768)</PROPERTY>
</VARIABLE>
<VARIABLE TYPE="nature">
	<NAME>X1119</NAME>
	<OUTCOME>&apos;\&apos;(-inf-92.5]\&apos;&apos;</OUTCOME>
	<OUTCOME>&apos;\&apos;(92.5-200.5]\&apos;&apos;</OUTCOME>
	<OUTCOME>&apos;\&apos;(200.5-248.5]\&apos;&apos;</OUTCOME>
	<OUTCOME>&apos;\&apos;(248.5-inf)\&apos;&apos;</OUTCOME>
	<PROPERTY>position = (686,192)</PROPERTY>
</VARIABLE>
<VARIABLE TYPE="nature">
	<NAME>X1120</NAME>
	<OUTCOME>&apos;\&apos;(-inf-102.5]\&apos;&apos;</OUTCOME>
	<OUTCOME>&apos;\&apos;(102.5-199.5]\&apos;&apos;</OUTCOME>
	<OUTCOME>&apos;\&apos;(199.5-247.5]\&apos;&apos;</OUTCOME>
	<OUTCOME>&apos;\&apos;(247.5-inf)\&apos;&apos;</OUTCOME>
	<PROPERTY>position = (686,288)</PROPERTY>
</VARIABLE>
<VARIABLE TYPE="nature">
	<NAME>X1121</NAME>
	<OUTCOME>&apos;\&apos;(-inf-96.5]\&apos;&apos;</OUTCOME>
	<OUTCOME>&apos;\&apos;(96.5-189.5]\&apos;&apos;</OUTCOME>
	<OUTCOME>&apos;\&apos;(189.5-246.5]\&apos;&apos;</OUTCOME>
	<OUTCOME>&apos;\&apos;(246.5-inf)\&apos;&apos;</OUTCOME>
	<PROPERTY>position = (539,480)</PROPERTY>
</VARIABLE>
<VARIABLE TYPE="nature">
	<NAME>X1134</NAME>
	<OUTCOME>&apos;\&apos;(-inf-90.5]\&apos;&apos;</OUTCOME>
	<OUTCOME>&apos;\&apos;(90.5-222.5]\&apos;&apos;</OUTCOME>
	<OUTCOME>&apos;\&apos;(222.5-244.5]\&apos;&apos;</OUTCOME>
	<OUTCOME>&apos;\&apos;(244.5-inf)\&apos;&apos;</OUTCOME>
	<PROPERTY>position = (1274,672)</PROPERTY>
</VARIABLE>
<VARIABLE TYPE="nature">
	<NAME>X1167</NAME>
	<OUTCOME>&apos;\&apos;(-inf-92.5]\&apos;&apos;</OUTCOME>
	<OUTCOME>&apos;\&apos;(92.5-193.5]\&apos;&apos;</OUTCOME>
	<OUTCOME>&apos;\&apos;(193.5-248.5]\&apos;&apos;</OUTCOME>
	<OUTCOME>&apos;\&apos;(248.5-inf)\&apos;&apos;</OUTCOME>
	<PROPERTY>position = (588,96)</PROPERTY>
</VARIABLE>
<VARIABLE TYPE="nature">
	<NAME>X1168</NAME>
	<OUTCOME>&apos;\&apos;(-inf-99.5]\&apos;&apos;</OUTCOME>
	<OUTCOME>&apos;\&apos;(99.5-196.5]\&apos;&apos;</OUTCOME>
	<OUTCOME>&apos;\&apos;(196.5-248.5]\&apos;&apos;</OUTCOME>
	<OUTCOME>&apos;\&apos;(248.5-inf)\&apos;&apos;</OUTCOME>
	<PROPERTY>position = (1029,384)</PROPERTY>
</VARIABLE>
<VARIABLE TYPE="nature">
	<NAME>X1171</NAME>
	<OUTCOME>&apos;\&apos;(-inf-102.5]\&apos;&apos;</OUTCOME>
	<OUTCOME>&apos;\&apos;(102.5-236.5]\&apos;&apos;</OUTCOME>
	<OUTCOME>&apos;\&apos;(236.5-inf)\&apos;&apos;</OUTCOME>
	<PROPERTY>position = (2450,1152)</PROPERTY>
</VARIABLE>
<VARIABLE TYPE="nature">
	<NAME>X1182</NAME>
	<OUTCOME>&apos;\&apos;(-inf-87.5]\&apos;&apos;</OUTCOME>
	<OUTCOME>&apos;\&apos;(87.5-226.5]\&apos;&apos;</OUTCOME>
	<OUTCOME>&apos;\&apos;(226.5-245.5]\&apos;&apos;</OUTCOME>
	<OUTCOME>&apos;\&apos;(245.5-inf)\&apos;&apos;</OUTCOME>
	<PROPERTY>position = (1274,768)</PROPERTY>
</VARIABLE>
<VARIABLE TYPE="nature">
	<NAME>X1215</NAME>
	<OUTCOME>&apos;\&apos;(-inf-91.5]\&apos;&apos;</OUTCOME>
	<OUTCOME>&apos;\&apos;(91.5-194.5]\&apos;&apos;</OUTCOME>
	<OUTCOME>&apos;\&apos;(194.5-246.5]\&apos;&apos;</OUTCOME>
	<OUTCOME>&apos;\&apos;(246.5-inf)\&apos;&apos;</OUTCOME>
	<PROPERTY>position = (441,192)</PROPERTY>
</VARIABLE>
<VARIABLE TYPE="nature">
	<NAME>X1216</NAME>
	<OUTCOME>&apos;\&apos;(-inf-86.5]\&apos;&apos;</OUTCOME>
	<OUTCOME>&apos;\&apos;(86.5-193.5]\&apos;&apos;</OUTCOME>
	<OUTCOME>&apos;\&apos;(193.5-246.5]\&apos;&apos;</OUTCOME>
	<OUTCOME>&apos;\&apos;(246.5-inf)\&apos;&apos;</OUTCOME>
	<PROPERTY>position = (980,480)</PROPERTY>
</VARIABLE>
<VARIABLE TYPE="nature">
	<NAME>X1217</NAME>
	<OUTCOME>&apos;\&apos;(-inf-104.5]\&apos;&apos;</OUTCOME>
	<OUTCOME>&apos;\&apos;(104.5-223.5]\&apos;&apos;</OUTCOME>
	<OUTCOME>&apos;\&apos;(223.5-244.5]\&apos;&apos;</OUTCOME>
	<OUTCOME>&apos;\&apos;(244.5-inf)\&apos;&apos;</OUTCOME>
	<PROPERTY>position = (1470,480)</PROPERTY>
</VARIABLE>
<VARIABLE TYPE="nature">
	<NAME>X1218</NAME>
	<OUTCOME>&apos;\&apos;(-inf-211.5]\&apos;&apos;</OUTCOME>
	<OUTCOME>&apos;\&apos;(211.5-238.5]\&apos;&apos;</OUTCOME>
	<OUTCOME>&apos;\&apos;(238.5-inf)\&apos;&apos;</OUTCOME>
	<PROPERTY>position = (1470,576)</PROPERTY>
</VARIABLE>
<VARIABLE TYPE="nature">
	<NAME>X1219</NAME>
	<OUTCOME>&apos;\&apos;(-inf-235.5]\&apos;&apos;</OUTCOME>
	<OUTCOME>&apos;\&apos;(235.5-inf)\&apos;&apos;</OUTCOME>
	<PROPERTY>position = (1225,672)</PROPERTY>
</VARIABLE>
<VARIABLE TYPE="nature">
	<NAME>X1263</NAME>
	<OUTCOME>&apos;\&apos;(-inf-85.5]\&apos;&apos;</OUTCOME>
	<OUTCOME>&apos;\&apos;(85.5-194.5]\&apos;&apos;</OUTCOME>
	<OUTCOME>&apos;\&apos;(194.5-246.5]\&apos;&apos;</OUTCOME>
	<OUTCOME>&apos;\&apos;(246.5-inf)\&apos;&apos;</OUTCOME>
	<PROPERTY>position = (441,288)</PROPERTY>
</VARIABLE>
<VARIABLE TYPE="nature">
	<NAME>X1265</NAME>
	<OUTCOME>&apos;\&apos;(-inf-25.5]\&apos;&apos;</OUTCOME>
	<OUTCOME>&apos;\&apos;(25.5-220.5]\&apos;&apos;</OUTCOME>
	<OUTCOME>&apos;\&apos;(220.5-235.5]\&apos;&apos;</OUTCOME>
	<OUTCOME>&apos;\&apos;(235.5-245.5]\&apos;&apos;</OUTCOME>
	<OUTCOME>&apos;\&apos;(245.5-inf)\&apos;&apos;</OUTCOME>
	<PROPERTY>position = (1029,576)</PROPERTY>
</VARIABLE>
<VARIABLE TYPE="nature">
	<NAME>X1266</NAME>
	<OUTCOME>&apos;\&apos;(-inf-27.5]\&apos;&apos;</OUTCOME>
	<OUTCOME>&apos;\&apos;(27.5-236.5]\&apos;&apos;</OUTCOME>
	<OUTCOME>&apos;\&apos;(236.5-inf)\&apos;&apos;</OUTCOME>
	<PROPERTY>position = (1078,672)</PROPERTY>
</VARIABLE>
<VARIABLE TYPE="nature">
	<NAME>X1268</NAME>
	<OUTCOME>&apos;\&apos;(-inf-209.5]\&apos;&apos;</OUTCOME>
	<OUTCOME>&apos;\&apos;(209.5-inf)\&apos;&apos;</OUTCOME>
	<PROPERTY>position = (2009,1056)</PROPERTY>
</VARIABLE>
<VARIABLE TYPE="nature">
	<NAME>X1269</NAME>
	<OUTCOME>&apos;\&apos;(-inf-66.5]\&apos;&apos;</OUTCOME>
	<OUTCOME>&apos;\&apos;(66.5-inf)\&apos;&apos;</OUTCOME>
	<PROPERTY>position = (2303,1248)</PROPERTY>
</VARIABLE>
<VARIABLE TYPE="nature">
	<NAME>X1312</NAME>
	<OUTCOME>&apos;\&apos;(-inf-30]\&apos;&apos;</OUTCOME>
	<OUTCOME>&apos;\&apos;(30-205.5]\&apos;&apos;</OUTCOME>
	<OUTCOME>&apos;\&apos;(205.5-246.5]\&apos;&apos;</OUTCOME>
	<OUTCOME>&apos;\&apos;(246.5-inf)\&apos;&apos;</OUTCOME>
	<PROPERTY>position = (245,384)</PROPERTY>
</VARIABLE>
<VARIABLE TYPE="nature">
	<NAME>X1313</NAME>
	<OUTCOME>&apos;\&apos;(-inf-23.5]\&apos;&apos;</OUTCOME>
	<OUTCOME>&apos;\&apos;(23.5-47.5]\&apos;&apos;</OUTCOME>
	<OUTCOME>&apos;\&apos;(47.5-233.5]\&apos;&apos;</OUTCOME>
	<OUTCOME>&apos;\&apos;(233.5-inf)\&apos;&apos;</OUTCOME>
	<PROPERTY>position = (2107,864)</PROPERTY>
</VARIABLE>
<VARIABLE TYPE="nature">
	<NAME>X1314</NAME>
	<OUTCOME>&apos;\&apos;(-inf-28.5]\&apos;&apos;</OUTCOME>
	<OUTCOME>&apos;\&apos;(28.5-106.5]\&apos;&apos;</OUTCOME>
	<OUTCOME>&apos;\&apos;(106.5-231.5]\&apos;&apos;</OUTCOME>
	<OUTCOME>&apos;\&apos;(231.5-inf)\&apos;&apos;</OUTCOME>
	<PROPERTY>position = (2352,768)</PROPERTY>
</VARIABLE>
<VARIABLE TYPE="nature">
	<NAME>X1315</NAME>
	<OUTCOME>&apos;\&apos;(-inf-104.5]\&apos;&apos;</OUTCOME>
	<OUTCOME>&apos;\&apos;(104.5-134.5]\&apos;&apos;</OUTCOME>
	<OUTCOME>&apos;\&apos;(134.5-234.5]\&apos;&apos;</OUTCOME>
	<OUTCOME>&apos;\&apos;(234.5-inf)\&apos;&apos;</OUTCOME>
	<PROPERTY>position = (2646,864)</PROPERTY>
</VARIABLE>
<VARIABLE TYPE="nature">
	<NAME>X1316</NAME>
	<OUTCOME>&apos;\&apos;(-inf-233.5]\&apos;&apos;</OUTCOME>
	<OUTCOME>&apos;\&apos;(233.5-inf)\&apos;&apos;</OUTCOME>
	<PROPERTY>position = (1862,960)</PROPERTY>
</VARIABLE>
<VARIABLE TYPE="nature">
	<NAME>X1317</NAME>
	<OUTCOME>&apos;\&apos;(-inf-88.5]\&apos;&apos;</OUTCOME>
	<OUTCOME>&apos;\&apos;(88.5-inf)\&apos;&apos;</OUTCOME>
	<PROPERTY>position = (2352,1152)</PROPERTY>
</VARIABLE>
<VARIABLE TYPE="nature">
	<NAME>X1361</NAME>
	<OUTCOME>&apos;\&apos;(-inf-43.5]\&apos;&apos;</OUTCOME>
	<OUTCOME>&apos;\&apos;(43.5-232.5]\&apos;&apos;</OUTCOME>
	<OUTCOME>&apos;\&apos;(232.5-inf)\&apos;&apos;</OUTCOME>
	<PROPERTY>position = (2107,960)</PROPERTY>
</VARIABLE>
<VARIABLE TYPE="nature">
	<NAME>X1364</NAME>
	<OUTCOME>&apos;\&apos;(-inf-74.5]\&apos;&apos;</OUTCOME>
	<OUTCOME>&apos;\&apos;(74.5-114.5]\&apos;&apos;</OUTCOME>
	<OUTCOME>&apos;\&apos;(114.5-240.5]\&apos;&apos;</OUTCOME>
	<OUTCOME>&apos;\&apos;(240.5-inf)\&apos;&apos;</OUTCOME>
	<PROPERTY>position = (2401,960)</PROPERTY>
</VARIABLE>
<VARIABLE TYPE="nature">
	<NAME>X1365</NAME>
	<OUTCOME>&apos;\&apos;(-inf-64.5]\&apos;&apos;</OUTCOME>
	<OUTCOME>&apos;\&apos;(64.5-95.5]\&apos;&apos;</OUTCOME>
	<OUTCOME>&apos;\&apos;(95.5-241.5]\&apos;&apos;</OUTCOME>
	<OUTCOME>&apos;\&apos;(241.5-inf)\&apos;&apos;</OUTCOME>
	<PROPERTY>position = (2401,1056)</PROPERTY>
</VARIABLE>
<VARIABLE TYPE="nature">
	<NAME>X1460</NAME>
	<OUTCOME>&apos;\&apos;All\&apos;&apos;</OUTCOME>
	<PROPERTY>position = (833,480)</PROPERTY>
</VARIABLE>
<VARIABLE TYPE="nature">
	<NAME>X1461</NAME>
	<OUTCOME>&apos;\&apos;(-inf-67.5]\&apos;&apos;</OUTCOME>
	<OUTCOME>&apos;\&apos;(67.5-inf)\&apos;&apos;</OUTCOME>
	<PROPERTY>position = (2597,1248)</PROPERTY>
</VARIABLE>
<VARIABLE TYPE="nature">
	<NAME>X1506</NAME>
	<OUTCOME>&apos;\&apos;(-inf-198.5]\&apos;&apos;</OUTCOME>
	<OUTCOME>&apos;\&apos;(198.5-inf)\&apos;&apos;</OUTCOME>
	<PROPERTY>position = (1862,672)</PROPERTY>
</VARIABLE>
<VARIABLE TYPE="nature">
	<NAME>X1507</NAME>
	<OUTCOME>&apos;\&apos;(-inf-197.5]\&apos;&apos;</OUTCOME>
	<OUTCOME>&apos;\&apos;(197.5-inf)\&apos;&apos;</OUTCOME>
	<PROPERTY>position = (1862,768)</PROPERTY>
</VARIABLE>
<VARIABLE TYPE="nature">
	<NAME>X1508</NAME>
	<OUTCOME>&apos;\&apos;(-inf-200.5]\&apos;&apos;</OUTCOME>
	<OUTCOME>&apos;\&apos;(200.5-inf)\&apos;&apos;</OUTCOME>
	<PROPERTY>position = (1911,864)</PROPERTY>
</VARIABLE>
<VARIABLE TYPE="nature">
	<NAME>X1561</NAME>
	<OUTCOME>&apos;\&apos;(-inf-96.5]\&apos;&apos;</OUTCOME>
	<OUTCOME>&apos;\&apos;(96.5-248.5]\&apos;&apos;</OUTCOME>
	<OUTCOME>&apos;\&apos;(248.5-inf)\&apos;&apos;</OUTCOME>
	<PROPERTY>position = (1813,768)</PROPERTY>
</VARIABLE>
<VARIABLE TYPE="nature">
	<NAME>X1562</NAME>
	<OUTCOME>&apos;\&apos;(-inf-100.5]\&apos;&apos;</OUTCOME>
	<OUTCOME>&apos;\&apos;(100.5-249.5]\&apos;&apos;</OUTCOME>
	<OUTCOME>&apos;\&apos;(249.5-inf)\&apos;&apos;</OUTCOME>
	<PROPERTY>position = (1764,864)</PROPERTY>
</VARIABLE>
<VARIABLE TYPE="nature">
	<NAME>X1610</NAME>
	<OUTCOME>&apos;\&apos;(-inf-97.5]\&apos;&apos;</OUTCOME>
	<OUTCOME>&apos;\&apos;(97.5-223.5]\&apos;&apos;</OUTCOME>
	<OUTCOME>&apos;\&apos;(223.5-247.5]\&apos;&apos;</OUTCOME>
	<OUTCOME>&apos;\&apos;(247.5-inf)\&apos;&apos;</OUTCOME>
	<PROPERTY>position = (2107,672)</PROPERTY>
</VARIABLE>
<VARIABLE TYPE="nature">
	<NAME>X1666</NAME>
	<OUTCOME>&apos;\&apos;(-inf-36.5]\&apos;&apos;</OUTCOME>
	<OUTCOME>&apos;\&apos;(36.5-inf)\&apos;&apos;</OUTCOME>
	<PROPERTY>position = (2401,1152)</PROPERTY>
</VARIABLE>
<VARIABLE TYPE="nature">
	<NAME>X1667</NAME>
	<OUTCOME>&apos;\&apos;(-inf-33.5]\&apos;&apos;</OUTCOME>
	<OUTCOME>&apos;\&apos;(33.5-inf)\&apos;&apos;</OUTCOME>
	<PROPERTY>position = (3381,1152)</PROPERTY>
</VARIABLE>
<VARIABLE TYPE="nature">
	<NAME>X1694</NAME>
	<OUTCOME>&apos;\&apos;(-inf-35.5]\&apos;&apos;</OUTCOME>
	<OUTCOME>&apos;\&apos;(35.5-144.5]\&apos;&apos;</OUTCOME>
	<OUTCOME>&apos;\&apos;(144.5-inf)\&apos;&apos;</OUTCOME>
	<PROPERTY>position = (3871,1440)</PROPERTY>
</VARIABLE>
<VARIABLE TYPE="nature">
	<NAME>X1695</NAME>
	<OUTCOME>&apos;\&apos;(-inf-36.5]\&apos;&apos;</OUTCOME>
	<OUTCOME>&apos;\&apos;(36.5-inf)\&apos;&apos;</OUTCOME>
	<PROPERTY>position = (3822,1632)</PROPERTY>
</VARIABLE>
<VARIABLE TYPE="nature">
	<NAME>X1713</NAME>
	<OUTCOME>&apos;\&apos;(-inf-35.5]\&apos;&apos;</OUTCOME>
	<OUTCOME>&apos;\&apos;(35.5-99.5]\&apos;&apos;</OUTCOME>
	<OUTCOME>&apos;\&apos;(99.5-inf)\&apos;&apos;</OUTCOME>
	<PROPERTY>position = (2695,1056)</PROPERTY>
</VARIABLE>
<VARIABLE TYPE="nature">
	<NAME>X1714</NAME>
	<OUTCOME>&apos;\&apos;(-inf-32.5]\&apos;&apos;</OUTCOME>
	<OUTCOME>&apos;\&apos;(32.5-inf)\&apos;&apos;</OUTCOME>
	<PROPERTY>position = (2793,1248)</PROPERTY>
</VARIABLE>
<VARIABLE TYPE="nature">
	<NAME>X1715</NAME>
	<OUTCOME>&apos;\&apos;(-inf-34.5]\&apos;&apos;</OUTCOME>
	<OUTCOME>&apos;\&apos;(34.5-inf)\&apos;&apos;</OUTCOME>
	<PROPERTY>position = (3626,1248)</PROPERTY>
</VARIABLE>
<VARIABLE TYPE="nature">
	<NAME>X1742</NAME>
	<OUTCOME>&apos;\&apos;(-inf-34.5]\&apos;&apos;</OUTCOME>
	<OUTCOME>&apos;\&apos;(34.5-inf)\&apos;&apos;</OUTCOME>
	<PROPERTY>position = (4165,1632)</PROPERTY>
</VARIABLE>
<VARIABLE TYPE="nature">
	<NAME>X1743</NAME>
	<OUTCOME>&apos;\&apos;(-inf-33.5]\&apos;&apos;</OUTCOME>
	<OUTCOME>&apos;\&apos;(33.5-inf)\&apos;&apos;</OUTCOME>
	<PROPERTY>position = (4165,1536)</PROPERTY>
</VARIABLE>
<VARIABLE TYPE="nature">
	<NAME>X1744</NAME>
	<OUTCOME>&apos;\&apos;(-inf-36.5]\&apos;&apos;</OUTCOME>
	<OUTCOME>&apos;\&apos;(36.5-inf)\&apos;&apos;</OUTCOME>
	<PROPERTY>position = (3577,1536)</PROPERTY>
</VARIABLE>
<VARIABLE TYPE="nature">
	<NAME>X1760</NAME>
	<OUTCOME>&apos;\&apos;(-inf-28.5]\&apos;&apos;</OUTCOME>
	<OUTCOME>&apos;\&apos;(28.5-106.5]\&apos;&apos;</OUTCOME>
	<OUTCOME>&apos;\&apos;(106.5-142.5]\&apos;&apos;</OUTCOME>
	<OUTCOME>&apos;\&apos;(142.5-inf)\&apos;&apos;</OUTCOME>
	<PROPERTY>position = (2646,1152)</PROPERTY>
</VARIABLE>
<VARIABLE TYPE="nature">
	<NAME>X1761</NAME>
	<OUTCOME>&apos;\&apos;(-inf-30.5]\&apos;&apos;</OUTCOME>
	<OUTCOME>&apos;\&apos;(30.5-inf)\&apos;&apos;</OUTCOME>
	<PROPERTY>position = (2793,1344)</PROPERTY>
</VARIABLE>
<VARIABLE TYPE="nature">
	<NAME>X1762</NAME>
	<OUTCOME>&apos;\&apos;(-inf-34.5]\&apos;&apos;</OUTCOME>
	<OUTCOME>&apos;\&apos;(34.5-168.5]\&apos;&apos;</OUTCOME>
	<OUTCOME>&apos;\&apos;(168.5-inf)\&apos;&apos;</OUTCOME>
	<PROPERTY>position = (3675,1344)</PROPERTY>
</VARIABLE>
<VARIABLE TYPE="nature">
	<NAME>X2095</NAME>
	<OUTCOME>&apos;\&apos;(-inf-74.5]\&apos;&apos;</OUTCOME>
	<OUTCOME>&apos;\&apos;(74.5-inf)\&apos;&apos;</OUTCOME>
	<PROPERTY>position = (3479,1248)</PROPERTY>
</VARIABLE>
<VARIABLE TYPE="nature">
	<NAME>X2096</NAME>
	<OUTCOME>&apos;\&apos;(-inf-103.5]\&apos;&apos;</OUTCOME>
	<OUTCOME>&apos;\&apos;(103.5-inf)\&apos;&apos;</OUTCOME>
	<PROPERTY>position = (3479,1344)</PROPERTY>
</VARIABLE>
<VARIABLE TYPE="nature">
	<NAME>X2138</NAME>
	<OUTCOME>&apos;\&apos;(-inf-27.5]\&apos;&apos;</OUTCOME>
	<OUTCOME>&apos;\&apos;(27.5-63.5]\&apos;&apos;</OUTCOME>
	<OUTCOME>&apos;\&apos;(63.5-88.5]\&apos;&apos;</OUTCOME>
	<OUTCOME>&apos;\&apos;(88.5-164]\&apos;&apos;</OUTCOME>
	<OUTCOME>&apos;\&apos;(164-inf)\&apos;&apos;</OUTCOME>
	<PROPERTY>position = (3381,960)</PROPERTY>
</VARIABLE>
<VARIABLE TYPE="nature">
	<NAME>X2139</NAME>
	<OUTCOME>&apos;\&apos;(-inf-22.5]\&apos;&apos;</OUTCOME>
	<OUTCOME>&apos;\&apos;(22.5-27.5]\&apos;&apos;</OUTCOME>
	<OUTCOME>&apos;\&apos;(27.5-81.5]\&apos;&apos;</OUTCOME>
	<OUTCOME>&apos;\&apos;(81.5-164.5]\&apos;&apos;</OUTCOME>
	<OUTCOME>&apos;\&apos;(164.5-inf)\&apos;&apos;</OUTCOME>
	<PROPERTY>position = (3675,1056)</PROPERTY>
</VARIABLE>
<VARIABLE TYPE="nature">
	<NAME>X2140</NAME>
	<OUTCOME>&apos;\&apos;(-inf-20.5]\&apos;&apos;</OUTCOME>
	<OUTCOME>&apos;\&apos;(20.5-32.5]\&apos;&apos;</OUTCOME>
	<OUTCOME>&apos;\&apos;(32.5-68.5]\&apos;&apos;</OUTCOME>
	<OUTCOME>&apos;\&apos;(68.5-172.5]\&apos;&apos;</OUTCOME>
	<OUTCOME>&apos;\&apos;(172.5-inf)\&apos;&apos;</OUTCOME>
	<PROPERTY>position = (3675,1152)</PROPERTY>
</VARIABLE>
<VARIABLE TYPE="nature">
	<NAME>X2165</NAME>
	<OUTCOME>&apos;\&apos;(-inf-66.5]\&apos;&apos;</OUTCOME>
	<OUTCOME>&apos;\&apos;(66.5-159]\&apos;&apos;</OUTCOME>
	<OUTCOME>&apos;\&apos;(159-254.5]\&apos;&apos;</OUTCOME>
	<OUTCOME>&apos;\&apos;(254.5-inf)\&apos;&apos;</OUTCOME>
	<PROPERTY>position = (3822,1440)</PROPERTY>
</VARIABLE>
<VARIABLE TYPE="nature">
	<NAME>X2213</NAME>
	<OUTCOME>&apos;\&apos;(-inf-46.5]\&apos;&apos;</OUTCOME>
	<OUTCOME>&apos;\&apos;(46.5-81.5]\&apos;&apos;</OUTCOME>
	<OUTCOME>&apos;\&apos;(81.5-164.5]\&apos;&apos;</OUTCOME>
	<OUTCOME>&apos;\&apos;(164.5-254.5]\&apos;&apos;</OUTCOME>
	<OUTCOME>&apos;\&apos;(254.5-inf)\&apos;&apos;</OUTCOME>
	<PROPERTY>position = (4067,1344)</PROPERTY>
</VARIABLE>
<VARIABLE TYPE="nature">
	<NAME>X2214</NAME>
	<OUTCOME>&apos;\&apos;(-inf-70.5]\&apos;&apos;</OUTCOME>
	<OUTCOME>&apos;\&apos;(70.5-157.5]\&apos;&apos;</OUTCOME>
	<OUTCOME>&apos;\&apos;(157.5-254.5]\&apos;&apos;</OUTCOME>
	<OUTCOME>&apos;\&apos;(254.5-inf)\&apos;&apos;</OUTCOME>
	<PROPERTY>position = (4263,1440)</PROPERTY>
</VARIABLE>
<VARIABLE TYPE="nature">
	<NAME>X2215</NAME>
	<OUTCOME>&apos;\&apos;(-inf-79.5]\&apos;&apos;</OUTCOME>
	<OUTCOME>&apos;\&apos;(79.5-inf)\&apos;&apos;</OUTCOME>
	<PROPERTY>position = (3920,1440)</PROPERTY>
</VARIABLE>
<VARIABLE TYPE="nature">
	<NAME>X2260</NAME>
	<OUTCOME>&apos;\&apos;(-inf-74.5]\&apos;&apos;</OUTCOME>
	<OUTCOME>&apos;\&apos;(74.5-inf)\&apos;&apos;</OUTCOME>
	<PROPERTY>position = (4018,1440)</PROPERTY>
</VARIABLE>
<VARIABLE TYPE="nature">
	<NAME>X2261</NAME>
	<OUTCOME>&apos;\&apos;(-inf-68.5]\&apos;&apos;</OUTCOME>
	<OUTCOME>&apos;\&apos;(68.5-239.5]\&apos;&apos;</OUTCOME>
	<OUTCOME>&apos;\&apos;(239.5-254.5]\&apos;&apos;</OUTCOME>
	<OUTCOME>&apos;\&apos;(254.5-inf)\&apos;&apos;</OUTCOME>
	<PROPERTY>position = (4312,1632)</PROPERTY>
</VARIABLE>
<VARIABLE TYPE="nature">
	<NAME>X2262</NAME>
	<OUTCOME>&apos;\&apos;(-inf-72.5]\&apos;&apos;</OUTCOME>
	<OUTCOME>&apos;\&apos;(72.5-158.5]\&apos;&apos;</OUTCOME>
	<OUTCOME>&apos;\&apos;(158.5-254.5]\&apos;&apos;</OUTCOME>
	<OUTCOME>&apos;\&apos;(254.5-inf)\&apos;&apos;</OUTCOME>
	<PROPERTY>position = (4263,1536)</PROPERTY>
</VARIABLE>
<VARIABLE TYPE="nature">
	<NAME>X2263</NAME>
	<OUTCOME>&apos;\&apos;(-inf-55.5]\&apos;&apos;</OUTCOME>
	<OUTCOME>&apos;\&apos;(55.5-81.5]\&apos;&apos;</OUTCOME>
	<OUTCOME>&apos;\&apos;(81.5-inf)\&apos;&apos;</OUTCOME>
	<PROPERTY>position = (3920,1344)</PROPERTY>
</VARIABLE>
<VARIABLE TYPE="nature">
	<NAME>X2264</NAME>
	<OUTCOME>&apos;\&apos;(-inf-54.5]\&apos;&apos;</OUTCOME>
	<OUTCOME>&apos;\&apos;(54.5-81.5]\&apos;&apos;</OUTCOME>
	<OUTCOME>&apos;\&apos;(81.5-161.5]\&apos;&apos;</OUTCOME>
	<OUTCOME>&apos;\&apos;(161.5-254.5]\&apos;&apos;</OUTCOME>
	<OUTCOME>&apos;\&apos;(254.5-inf)\&apos;&apos;</OUTCOME>
	<PROPERTY>position = (3969,1248)</PROPERTY>
</VARIABLE>
<VARIABLE TYPE="nature">
	<NAME>LABEL</NAME>
	<OUTCOME>0</OUTCOME>
	<OUTCOME>1</OUTCOME>
	<PROPERTY>position = (2058,0)</PROPERTY>
</VARIABLE>
<DEFINITION>
<FOR>X744</FOR>
	<GIVEN>LABEL</GIVEN>
	<GIVEN>X1120</GIVEN>
<TABLE>
0.3 0.5 0.1 0.1 
0.05371900826446281 0.9132231404958677 0.028925619834710745 0.004132231404958678 
0.005555555555555556 0.3277777777777778 0.6611111111111111 0.005555555555555556 
0.25 0.25 0.25 0.25 
0.9075875486381323 0.09046692607003891 9.727626459143969E-4 9.727626459143969E-4 
0.06031904287138584 0.9227318045862413 0.011465603190428714 0.005483549351944167 
0.004934210526315789 0.5542763157894737 0.26480263157894735 0.17598684210526316 
0.0012285012285012285 0.013513513513513514 0.07248157248157248 0.9127764127764127 
</TABLE>
</DEFINITION>
<DEFINITION>
<FOR>X745</FOR>
	<GIVEN>LABEL</GIVEN>
	<GIVEN>X744</GIVEN>
<TABLE>
0.7222222222222222 0.16666666666666666 0.05555555555555555 0.05555555555555555 
0.0034965034965034965 0.9895104895104895 0.0034965034965034965 0.0034965034965034965 
0.0078125 0.1640625 0.8203125 0.0078125 
0.25 0.25 0.25 0.25 
0.9706994328922496 0.027410207939508508 9.45179584120983E-4 9.45179584120983E-4 
0.010034904013961605 0.9864746945898778 0.0030541012216404886 4.363001745200698E-4 
0.004098360655737705 0.26639344262295084 0.5614754098360656 0.1680327868852459 
0.001160092807424594 0.001160092807424594 0.015081206496519721 0.9825986078886311 
</TABLE>
</DEFINITION>
<DEFINITION>
<FOR>X792</FOR>
	<GIVEN>LABEL</GIVEN>
	<GIVEN>X745</GIVEN>
<TABLE>
0.4117647058823529 0.4117647058823529 0.058823529411764705 0.058823529411764705 0.058823529411764705 
0.003236245954692557 0.9352750809061489 0.05501618122977346 0.003236245954692557 0.003236245954692557 
0.009174311926605505 0.027522935779816515 0.8899082568807339 0.06422018348623854 0.009174311926605505 
0.2 0.2 0.2 0.2 0.2 
0.8727445394112061 0.12440645773979107 9.49667616334283E-4 9.49667616334283E-4 9.49667616334283E-4 
0.004666949512091642 0.9669070852778956 0.01824352991090369 0.003818413237165889 0.006364022061943148 
0.006289308176100629 0.05660377358490566 0.5345911949685535 0.14465408805031446 0.2578616352201258 
0.001122334455667789 0.007856341189674524 0.028058361391694726 0.06621773288439955 0.8967452300785634 
</TABLE>
</DEFINITION>
<DEFINITION>
<FOR>X793</FOR>
	<GIVEN>LABEL</GIVEN>
	<GIVEN>X792</GIVEN>
<TABLE>
0.45454545454545453 0.2727272727272727 0.09090909090909091 0.09090909090909091 0.09090909090909091 
0.0033222591362126247 0.9667774086378738 0.023255813953488372 0.0033222591362126247 0.0033222591362126247 
0.008547008547008548 0.07692307692307693 0.8461538461538461 0.05982905982905983 0.008547008547008548 
0.09090909090909091 0.09090909090909091 0.2727272727272727 0.45454545454545453 0.09090909090909091 
0.2 0.2 0.2 0.2 0.2 
0.9528403001071811 0.04394426580921758 0.0010718113612004287 0.0010718113612004287 0.0010718113612004287 
0.013597033374536464 0.976926246394726 0.00865265760197775 4.1203131437989287E-4 4.1203131437989287E-4 
0.0064516129032258064 0.13548387096774195 0.6645161290322581 0.17419354838709677 0.01935483870967742 
0.010752688172043012 0.053763440860215055 0.20430107526881722 0.46236559139784944 0.26881720430107525 
0.0011668611435239206 0.003500583430571762 0.015169194865810968 0.040840140023337225 0.9393232205367561 
</TABLE>
</DEFINITION>
<DEFINITION>
<FOR>X794</FOR>
	<GIVEN>LABEL</GIVEN>
	<GIVEN>X793</GIVEN>
<TABLE>
0.375 0.375 0.125 0.125 
0.009868421052631578 0.9638157894736842 0.023026315789473683 0.003289473684210526 
0.00909090909090909 0.22727272727272727 0.7545454545454545 0.00909090909090909 
0.07142857142857142 0.07142857142857142 0.7857142857142857 0.07142857142857142 
0.25 0.25 0.25 0.25 
0.9816017316017316 0.016233766233766232 0.0010822510822510823 0.0010822510822510823 
0.04057377049180328 0.9397540983606557 0.019262295081967213 4.098360655737705E-4 
0.00641025641025641 0.26282051282051283 0.7115384615384616 0.019230769230769232 
0.009433962264150943 0.10377358490566038 0.5943396226415094 0.29245283018867924 
0.001199040767386091 0.025179856115107913 0.07793764988009592 0.89568345323741 
</TABLE>
</DEFINITION>
<DEFINITION>
<FOR>X795</FOR>
	<GIVEN>LABEL</GIVEN>
	<GIVEN>X794</GIVEN>
<TABLE>
0.7142857142857143 0.14285714285714285 0.14285714285714285 
0.2087227414330218 0.7881619937694704 0.003115264797507788 
0.009900990099009901 0.9801980198019802 0.009900990099009901 
0.3333333333333333 0.3333333333333333 0.3333333333333333 
0.9960278053624627 0.0029791459781529296 9.930486593843098E-4 
0.20975199663724253 0.7898276586801177 4.203446826397646E-4 
0.010526315789473684 0.9368421052631579 0.05263157894736842 
0.0012804097311139564 0.13444302176696543 0.8642765685019206 
</TABLE>
</DEFINITION>
<DEFINITION>
<FOR>X841</FOR>
	<GIVEN>LABEL</GIVEN>
	<GIVEN>X794</GIVEN>
<TABLE>
0.625 0.125 0.125 0.125 
0.009316770186335404 0.953416149068323 0.034161490683229816 0.003105590062111801 
0.00980392156862745 0.08823529411764706 0.8921568627450981 0.00980392156862745 
0.25 0.25 0.25 0.25 
0.8660714285714286 0.13194444444444445 9.92063492063492E-4 9.92063492063492E-4 
0.01638655462184874 0.9684873949579832 0.01050420168067227 0.004621848739495798 
0.01048951048951049 0.32517482517482516 0.513986013986014 0.15034965034965034 
0.0012787723785166241 0.0319693094629156 0.07800511508951406 0.8887468030690537 
</TABLE>
</DEFINITION>
<DEFINITION>
<FOR>X842</FOR>
	<GIVEN>LABEL</GIVEN>
	<GIVEN>X795</GIVEN>
<TABLE>
0.863013698630137 0.1232876712328767 0.0136986301369863 
0.036827195467422094 0.9603399433427762 0.0028328611898017 
0.3333333333333333 0.3333333333333333 0.3333333333333333 
0.9215946843853821 0.07774086378737542 6.64451827242525E-4 
0.0954283177984909 0.8854860186418109 0.01908566355969818 
0.001447178002894356 0.22431259044862517 0.7742402315484804 
</TABLE>
</DEFINITION>
<DEFINITION>
<FOR>X935</FOR>
	<GIVEN>LABEL</GIVEN>
	<GIVEN>X983</GIVEN>
<TABLE>
0.9976190476190476 0.002380952380952381 
0.75 0.25 
0.9965091299677766 0.003490870032223416 
0.1597222222222222 0.8402777777777778 
</TABLE>
</DEFINITION>
<DEFINITION>
<FOR>X982</FOR>
	<GIVEN>LABEL</GIVEN>
	<GIVEN>X983</GIVEN>
<TABLE>
0.9738095238095238 0.02619047619047619 
0.25 0.75 
0.9487110633727175 0.05128893662728249 
0.24027777777777778 0.7597222222222222 
</TABLE>
</DEFINITION>
<DEFINITION>
<FOR>X983</FOR>
	<GIVEN>LABEL</GIVEN>
	<GIVEN>X1031</GIVEN>
<TABLE>
0.9928571428571429 0.007142857142857143 
0.75 0.25 
0.994757174392936 0.0052428256070640175 
0.14512195121951219 0.8548780487804878 
</TABLE>
</DEFINITION>
<DEFINITION>
<FOR>X1025</FOR>
	<GIVEN>LABEL</GIVEN>
	<GIVEN>X1073</GIVEN>
<TABLE>
0.2 0.6 0.2 
0.021377672209026127 0.9762470308788599 0.0023752969121140144 
0.3333333333333333 0.3333333333333333 0.3333333333333333 
0.8397212543554007 0.15911730545876887 0.0011614401858304297 
0.030956521739130435 0.952 0.017043478260869566 
0.001402524544179523 0.22861150070126227 0.7699859747545582 
</TABLE>
</DEFINITION>
<DEFINITION>
<FOR>X1026</FOR>
	<GIVEN>LABEL</GIVEN>
	<GIVEN>X1073</GIVEN>
<TABLE>
0.6 0.2 0.2 
0.07363420427553444 0.9239904988123515 0.0023752969121140144 
0.3333333333333333 0.3333333333333333 0.3333333333333333 
0.9907084785133565 0.008130081300813009 0.0011614401858304297 
0.1443478260869565 0.8455652173913043 0.01008695652173913 
0.001402524544179523 0.18934081346423562 0.8092566619915849 
</TABLE>
</DEFINITION>
<DEFINITION>
<FOR>X1030</FOR>
	<GIVEN>LABEL</GIVEN>
	<GIVEN>X982</GIVEN>
<TABLE>
0.9878048780487805 0.012195121951219513 
0.7857142857142857 0.21428571428571427 
0.9937938478143551 0.0062061521856449 
0.25338753387533874 0.7466124661246613 
</TABLE>
</DEFINITION>
<DEFINITION>
<FOR>X1031</FOR>
	<GIVEN>LABEL</GIVEN>
	<GIVEN>X1263</GIVEN>
<TABLE>
0.875 0.125 
0.9958333333333333 0.004166666666666667 
0.9831460674157303 0.016853932584269662 
0.5 0.5 
0.9987437185929648 0.001256281407035176 
0.9891406987724268 0.010859301227573183 
0.7935779816513762 0.20642201834862386 
0.24659090909090908 0.7534090909090909 
</TABLE>
</DEFINITION>
<DEFINITION>
<FOR>X1072</FOR>
	<GIVEN>LABEL</GIVEN>
	<GIVEN>X1120</GIVEN>
<TABLE>
0.5555555555555556 0.3333333333333333 0.1111111111111111 
0.012448132780082987 0.983402489626556 0.004149377593360996 
0.00558659217877095 0.9888268156424581 0.00558659217877095 
0.3333333333333333 0.3333333333333333 0.3333333333333333 
0.9065238558909445 0.09250243427458617 9.737098344693282E-4 
0.02743142144638404 0.972069825436409 4.987531172069825E-4 
0.0016474464579901153 0.9308072487644151 0.06754530477759473 
0.0012300123001230013 0.16113161131611317 0.8376383763837638 
</TABLE>
</DEFINITION>
<DEFINITION>
<FOR>X1073</FOR>
	<GIVEN>LABEL</GIVEN>
	<GIVEN>X1120</GIVEN>
<TABLE>
0.1111111111111111 0.7777777777777778 0.1111111111111111 
0.012448132780082987 0.983402489626556 0.004149377593360996 
0.00558659217877095 0.9888268156424581 0.00558659217877095 
0.3333333333333333 0.3333333333333333 0.3333333333333333 
0.7916260954235638 0.2074001947419669 9.737098344693282E-4 
0.02344139650872818 0.9760598503740648 4.987531172069825E-4 
0.0016474464579901153 0.9472817133443163 0.051070840197693576 
0.0012300123001230013 0.16113161131611317 0.8376383763837638 
</TABLE>
</DEFINITION>
<DEFINITION>
<FOR>X1074</FOR>
	<GIVEN>LABEL</GIVEN>
	<GIVEN>X1073</GIVEN>
<TABLE>
0.6 0.2 0.2 
0.011876484560570071 0.9857482185273159 0.0023752969121140144 
0.3333333333333333 0.3333333333333333 0.3333333333333333 
0.9535423925667829 0.04529616724738676 0.0011614401858304297 
0.050434782608695654 0.9346086956521739 0.014956521739130434 
0.001402524544179523 0.1640953716690042 0.8345021037868162 
</TABLE>
</DEFINITION>
<DEFINITION>
<FOR>X1086</FOR>
	<GIVEN>LABEL</GIVEN>
	<GIVEN>X1134</GIVEN>
<TABLE>
0.5833333333333334 0.25 0.08333333333333333 0.08333333333333333 
0.04716981132075472 0.9465408805031447 0.0031446540880503146 0.0031446540880503146 
0.00980392156862745 0.20588235294117646 0.7745098039215687 0.00980392156862745 
0.25 0.25 0.25 0.25 
0.9932038834951457 0.0048543689320388345 9.70873786407767E-4 9.70873786407767E-4 
0.12059294871794872 0.8778044871794872 0.001201923076923077 4.0064102564102563E-4 
0.004761904761904762 0.38571428571428573 0.5571428571428572 0.05238095238095238 
0.001388888888888889 0.009722222222222222 0.0625 0.9263888888888889 
</TABLE>
</DEFINITION>
<DEFINITION>
<FOR>X1119</FOR>
	<GIVEN>LABEL</GIVEN>
	<GIVEN>X1167</GIVEN>
<TABLE>
0.75 0.08333333333333333 0.08333333333333333 0.08333333333333333 
0.004310344827586207 0.978448275862069 0.01293103448275862 0.004310344827586207 
0.005319148936170213 0.16489361702127658 0.824468085106383 0.005319148936170213 
0.25 0.25 0.25 0.25 
0.9882478632478633 0.009615384615384616 0.0010683760683760685 0.0010683760683760685 
0.02961847389558233 0.9663654618473896 0.0035140562248995983 5.02008032128514E-4 
0.0014705882352941176 0.19852941176470587 0.7691176470588236 0.030882352941176472 
0.0011792452830188679 0.003537735849056604 0.08136792452830188 0.9139150943396226 
</TABLE>
</DEFINITION>
<DEFINITION>
<FOR>X1120</FOR>
	<GIVEN>LABEL</GIVEN>
	<GIVEN>X1119</GIVEN>
<TABLE>
0.5833333333333334 0.25 0.08333333333333333 0.08333333333333333 
0.0038461538461538464 0.8884615384615384 0.10384615384615385 0.0038461538461538464 
0.00625 0.04375 0.94375 0.00625 
0.25 0.25 0.25 0.25 
0.9158215010141988 0.08012170385395538 0.0030425963488843813 0.0010141987829614604 
0.05936293436293436 0.900096525096525 0.04005791505791506 4.8262548262548264E-4 
0.0016666666666666668 0.095 0.7816666666666666 0.12166666666666667 
0.0012531328320802004 0.006265664160401002 0.06641604010025062 0.9260651629072681 
</TABLE>
</DEFINITION>
<DEFINITION>
<FOR>X1121</FOR>
	<GIVEN>LABEL</GIVEN>
	<GIVEN>X1168</GIVEN>
<TABLE>
0.125 0.625 0.125 0.125 
0.004464285714285714 0.9330357142857143 0.05803571428571429 0.004464285714285714 
0.005 0.055 0.935 0.005 
0.25 0.25 0.25 0.25 
0.8987473903966597 0.09916492693110647 0.0010438413361169101 0.0010438413361169101 
0.07836198179979778 0.8680485338725986 0.05308392315470172 5.055611729019212E-4 
0.007062146892655367 0.18785310734463276 0.7669491525423728 0.038135593220338986 
0.0012315270935960591 0.020935960591133004 0.17118226600985223 0.8066502463054187 
</TABLE>
</DEFINITION>
<DEFINITION>
<FOR>X1134</FOR>
	<GIVEN>LABEL</GIVEN>
	<GIVEN>X792</GIVEN>
<TABLE>
0.5 0.3 0.1 0.1 
0.016666666666666666 0.95 0.03 0.0033333333333333335 
0.008620689655172414 0.23275862068965517 0.75 0.008620689655172414 
0.1 0.3 0.5 0.1 
0.25 0.25 0.25 0.25 
0.8615879828326181 0.13626609442060086 0.001072961373390558 0.001072961373390558 
0.09192085737840065 0.8973619126133553 0.008656224237427864 0.002061005770816158 
0.006493506493506494 0.44805194805194803 0.3961038961038961 0.14935064935064934 
0.010869565217391304 0.25 0.358695652173913 0.3804347826086957 
0.0035046728971962616 0.11799065420560748 0.11098130841121495 0.7675233644859814 
</TABLE>
</DEFINITION>
<DEFINITION>
<FOR>X1167</FOR>
	<GIVEN>LABEL</GIVEN>
<TABLE>
0.02122641509433962 0.5400943396226415 0.4363207547169811 0.0023584905660377358 
0.20994599459945995 0.44756975697569756 0.15234023402340233 0.19014401440144013 
</TABLE>
</DEFINITION>
<DEFINITION>
<FOR>X1168</FOR>
	<GIVEN>LABEL</GIVEN>
	<GIVEN>X1120</GIVEN>
<TABLE>
0.5 0.3 0.1 0.1 
0.004132231404958678 0.9049586776859504 0.08677685950413223 0.004132231404958678 
0.005555555555555556 0.005555555555555556 0.9833333333333333 0.005555555555555556 
0.25 0.25 0.25 0.25 
0.9017509727626459 0.0963035019455253 9.727626459143969E-4 9.727626459143969E-4 
0.014456630109670987 0.9177467597208375 0.06630109670987039 0.0014955134596211367 
0.001644736842105263 0.05756578947368421 0.8569078947368421 0.08388157894736842 
0.0012285012285012285 0.0036855036855036856 0.06511056511056511 0.9299754299754299 
</TABLE>
</DEFINITION>
<DEFINITION>
<FOR>X1171</FOR>
	<GIVEN>LABEL</GIVEN>
	<GIVEN>X1365</GIVEN>
<TABLE>
0.14285714285714285 0.7142857142857143 0.14285714285714285 
0.07317073170731707 0.9024390243902439 0.024390243902439025 
0.28608923884514437 0.7112860892388452 0.0026246719160104987 
0.3333333333333333 0.3333333333333333 0.3333333333333333 
0.9685169842584921 0.030654515327257662 8.285004142502071E-4 
0.7847439916405433 0.2142110762800418 0.0010449320794148381 
0.22340919647004182 0.7111007895959127 0.06549001393404552 
0.1259259259259259 0.48148148148148145 0.3925925925925926 
</TABLE>
</DEFINITION>
<DEFINITION>
<FOR>X1182</FOR>
	<GIVEN>LABEL</GIVEN>
	<GIVEN>X1134</GIVEN>
<TABLE>
0.5833333333333334 0.25 0.08333333333333333 0.08333333333333333 
0.009433962264150943 0.9842767295597484 0.0031446540880503146 0.0031446540880503146 
0.00980392156862745 0.06862745098039216 0.9117647058823529 0.00980392156862745 
0.25 0.25 0.25 0.25 
0.8961165048543689 0.10194174757281553 9.70873786407767E-4 9.70873786407767E-4 
0.003605769230769231 0.9907852564102564 0.005208333333333333 4.0064102564102563E-4 
0.004761904761904762 0.16666666666666666 0.680952380952381 0.14761904761904762 
0.001388888888888889 0.006944444444444444 0.018055555555555554 0.9736111111111111 
</TABLE>
</DEFINITION>
<DEFINITION>
<FOR>X1215</FOR>
	<GIVEN>LABEL</GIVEN>
	<GIVEN>X1167</GIVEN>
<TABLE>
0.75 0.08333333333333333 0.08333333333333333 0.08333333333333333 
0.004310344827586207 0.9698275862068966 0.021551724137931036 0.004310344827586207 
0.005319148936170213 0.026595744680851064 0.9627659574468085 0.005319148936170213 
0.25 0.25 0.25 0.25 
0.9497863247863247 0.04807692307692308 0.0010683760683760685 0.0010683760683760685 
0.0015060240963855422 0.9794176706827309 0.01857429718875502 5.02008032128514E-4 
